4500 2
-1.63699 1
-0.982511 1
-0.995752 1
-0.984244 1
-1.01159 1
-1.51196 1
-3.82538 1
-3.60265 1
-2.91242 1
-0.991112 1
-0.983276 1
-0.994409 1
-1.55296 1
-0.989946 1
-1.51782 1
-0.992968 1
-1.32024 1
-1.06822 1
-0.996521 1
-2.54443 1
-1.00483 1
-1.26328 1
-1.01335 1
-2.71553 1
-0.982276 1
-0.992705 1
-2.46442 1
-3.76569 1
-0.985462 1
-0.992266 1
-0.983899 1
-2.308 1
-0.992666 1
-0.97848 1
-1.95124 1
-0.977089 1
-1.72378 1
-2.06227 1
-2.09014 1
-1.72278 1
-0.988062 1
-0.987361 1
-1.45344 1
-1.00401 1
-1.22796 1
-1.96034 1
-1.0111 1
-1.01449 1
-1.70266 1
-0.985389 1
-2.60862 1
-0.9826 1
-1.42902 1
-2.12144 1
-2.67518 1
-3.6853 1
-1.01824 1
-2.20708 1
-0.996169 1
-1.01934 1
-0.993798 1
-1.20558 1
-1.00221 1
-0.989478 1
-1.35499 1
-1.96596 1
-2.33364 1
-1.28607 1
-1.82882 1
-0.995889 1
-2.44133 1
-1.25984 1
-1.38963 1
-2.26424 1
-0.985343 1
-0.994155 1
-2.10758 1
-0.999681 1
-2.18412 1
-2.17935 1
-1.55564 1
-0.987266 1
-1.87343 1
-1.01048 1
-2.57728 1
-1.04858 1
-1.21312 1
-2.24666 1
-2.38254 1
-2.04451 1
-2.99237 1
-0.994098 1
-1.9715 1
-1.00265 1
-1.76509 1
-2.14263 1
-1.16467 1
-1.17757 1
-1.18668 1
-3.23956 1
-1.33284 1
-1.78595 1
-2.84548 1
-0.987962 1
-1.98018 1
-1.71155 1
-1.008 1
-1.88191 1
-2.7763 1
-1.78273 1
-2.42446 1
-1.08975 1
-1.83136 1
-1.38301 1
-0.99146 1
-2.56051 1
-0.991931 1
-2.3589 1
-2.31586 1
-1.3694 1
-1.00643 1
-0.986666 1
-1.78606 1
-0.983466 1
-0.991259 1
-1.60607 1
-1.54742 1
-1.43102 1
-0.981085 1
-1.00811 1
-0.988569 1
-1.00667 1
-0.998719 1
-1.39595 1
-1.00147 1
-0.985721 1
-1.09811 1
-1.66884 1
-1.01094 1
-2.55776 1
-1.5885 1
-0.976786 1
-1.93807 1
-1.00934 1
-2.21325 1
-4.27034 1
-3.43007 1
-1.32525 1
-0.982019 1
-1.89401 1
-1.18605 1
-0.97944 1
-2.37301 1
-0.988255 1
-2.36399 1
-2.20396 1
-0.988007 1
-2.63892 1
-1.62998 1
-2.65978 1
-0.99711 1
-1.63836 1
-0.995631 1
-2.59214 1
-1.88995 1
-1.3493 1
-0.982137 1
-2.21393 1
-0.984993 1
-1.33883 1
-2.85045 1
-2.71666 1
-1.68959 1
-3.03643 1
-3.5402 1
-1.05005 1
-2.32221 1
-1.07448 1
-2.70528 1
-1.99681 1
-1.16693 1
-1.40002 1
-2.39114 1
-1.99675 1
-1.00719 1
-3.02655 1
-0.991923 1
-0.995688 1
-1.02088 1
-1.18229 1
-1.01316 1
-2.00989 1
-2.99181 1
-1.70048 1
-0.989949 1
-1.39199 1
-3.11863 1
-2.71293 1
-0.993177 1
-2.76972 1
-2.29384 1
-2.58005 1
-2.7619 1
-1.00596 1
-1.13809 1
-2.27305 1
-0.986765 1
-1.6609 1
-1.51294 1
-2.495 1
-1.64582 1
-0.995349 1
-0.989873 1
-2.61395 1
-1.02272 1
-2.42163 1
-2.56692 1
-3.19621 1
-3.02521 1
-2.3253 1
-3.0918 1
-0.999323 1
-2.73513 1
-1.02131 1
-3.13602 1
-0.980365 1
-2.90671 1
-2.32667 1
-0.991718 1
-0.989068 1
-1.63885 1
-1.01982 1
-2.08207 1
-1.08354 1
-1.86646 1
-0.997834 1
-0.990801 1
-2.82281 1
-2.27296 1
-0.990097 1
-1.11291 1
-3.02002 1
-1.30133 1
-1.43012 1
-0.979334 1
-0.9886 1
-1.52938 1
-0.995775 1
-1.02164 1
-1.95976 1
-0.987191 1
-1.901 1
-4.07023 1
-2.18208 1
-1.20373 1
-3.55332 1
-5.01678 1
-1.0108 1
-1.84088 1
-2.8193 1
-1.37915 1
-1.44978 1
-2.80512 1
-2.14506 1
-1.01775 1
-2.25006 1
-1.36655 1
-1.00053 1
-0.99416 1
-0.984701 1
-3.31352 1
-1.84127 1
-1.53682 1
-1.28707 1
-1.39523 1
-1.00131 1
-2.3608 1
-2.63349 1
-3.30332 1
-2.01666 1
-1.4708 1
-1.50979 1
-0.987985 1
-0.996396 1
-2.02508 1
-1.67624 1
-1.51606 1
-1.00391 1
-1.01628 1
-2.75964 1
-1.89279 1
-1.81228 1
-1.01404 1
-3.1788 1
-2.82983 1
-3.46114 1
-1.58778 1
-0.990201 1
-2.75938 1
-2.72711 1
-2.11652 1
-0.998357 1
-1.45816 1
-2.97896 1
-2.29135 1
-1.38553 1
-1.15656 1
-1.96191 1
-1.01073 1
-1.00308 1
-2.22841 1
-1.96678 1
-2.7453 1
-2.8593 1
-1.38658 1
-0.997054 1
-2.59671 1
-1.68173 1
-2.69941 1
-2.50742 1
-2.45369 1
-2.03958 1
-1.63504 1
-2.86112 1
-1.8358 1
-2.12837 1
-1.89328 1
-1.02078 1
-0.982761 1
-0.98965 1
-2.77172 1
-2.27769 1
-1.70722 1
-3.98186 1
-0.986735 1
-0.995909 1
-2.39023 1
-1.01372 1
-1.01202 1
-1.288 1
-1.55528 1
-0.991023 1
-1.5382 1
-1.15555 1
-1.014 1
-1.0065 1
-0.989166 1
-1.00243 1
-2.44406 1
-0.992167 1
-1.23213 1
-1.30893 1
-1.99832 1
-1.57837 1
-2.83084 1
-1.30703 1
-1.32702 1
-1.02273 1
-0.98405 1
-0.993136 1
-1.95763 1
-0.988813 1
-1.86156 1
-0.998615 1
-1.30844 1
-0.993268 1
-2.74554 1
-3.9661 1
-1.08937 1
-3.73294 1
-1.40071 1
-3.10362 1
-3.66365 1
-2.90286 1
-2.51943 1
-2.63994 1
-0.990844 1
-3.55794 1
-2.41405 1
-0.992569 1
-0.992009 1
-1.93075 1
-0.994232 1
-1.14199 1
-1.00092 1
-0.987689 1
-1.4644 1
-2.23687 1
-0.994097 1
-1.00727 1
-1.00065 1
-1.01637 1
-0.976845 1
-1.10477 1
-1.99531 1
-1.01316 1
-1.00329 1
-2.95676 1
-2.45662 1
-3.39094 1
-2.64286 1
-1.76625 1
-2.39227 1
-2.64074 1
-0.984555 1
-3.44113 1
-1.71763 1
-2.77952 1
-3.44846 1
-0.991465 1
-1.64618 1
-3.05186 1
-1.63549 1
-2.58405 1
-1.0087 1
-2.10698 1
-1.33361 1
-1.01926 1
-2.16736 1
-1.00098 1
-2.24546 1
-1.86879 1
-3.39684 1
-2.68419 1
-1.49108 1
-1.51905 1
-1.06501 1
-1.68145 1
-0.990868 1
-1.57322 1
-2.32745 1
-2.37201 1
-1.2682 1
-2.44683 1
-1.92113 1
-1.54024 1
-1.77248 1
-2.79823 1
-2.15273 1
-2.44546 1
-2.37838 1
-3.34884 1
-2.78063 1
-2.27864 1
-1.01755 1
-5.06894 1
-0.991509 1
-2.1905 1
-2.81159 1
-2.56675 1
-3.75816 1
-2.58401 1
-2.11706 1
-2.09117 1
-2.63024 1
-2.5364 1
-1.67316 1
-2.398 1
-2.91293 1
-1.51239 1
-1.13948 1
-2.23428 1
-1.58388 1
-3.13549 1
-1.47976 1
-2.26023 1
-1.0243 1
-2.98798 1
-3.48906 1
-2.86248 1
-2.65467 1
-1.40201 1
-2.8019 1
-1.56593 1
-2.80109 1
-2.53425 1
-3.72436 1
-0.999015 1
-1.1428 1
-3.02466 1
-2.92336 1
-2.16583 1
-1.4583 1
-2.04756 1
-0.986842 1
-1.76832 1
-0.981604 1
-2.83281 1
-1.60286 1
-2.83644 1
-1.01213 1
-1.98968 1
-1.2175 1
-1.85903 1
-1.15829 1
-1.83195 1
-3.356 1
-1.80547 1
-2.87709 1
-0.988109 1
1.57601 -1
2.67674 -1
1.93452 -1
2.37696 -1
3.64813 -1
2.11632 -1
3.77648 -1
4.36669 -1
2.52184 -1
2.87359 -1
1.84131 -1
2.51466 -1
0.987898 -1
1.01499 -1
0.993324 -1
2.45698 -1
1.35128 -1
0.991066 -1
1.31919 -1
0.988646 -1
3.10135 -1
2.70121 -1
1.47372 -1
2.59986 -1
0.990604 -1
1.00121 -1
1.00294 -1
2.25717 -1
1.27019 -1
1.60242 -1
3.331 -1
2.04704 -1
2.29603 -1
2.4789 -1
2.72511 -1
2.8843 -1
3.73803 -1
3.90517 -1
2.67619 -1
2.60006 -1
3.30809 -1
2.07315 -1
3.27414 -1
2.80923 -1
2.82447 -1
3.59747 -1
2.74158 -1
3.60539 -1
1.68761 -1
3.2898 -1
1.79704 -1
3.97131 -1
3.36222 -1
2.44539 -1
3.24796 -1
2.12006 -1
1.89693 -1
2.07731 -1
2.98572 -1
2.31981 -1
2.45247 -1
2.35312 -1
3.09987 -1
1.07817 -1
2.06947 -1
2.24623 -1
1.57202 -1
2.40007 -1
1.71819 -1
2.9027 -1
2.00629 -1
1.01696 -1
1.00328 -1
1.00698 -1
3.10418 -1
1.4401 -1
1.58941 -1
3.21655 -1
2.55918 -1
4.07726 -1
1.80074 -1
3.22617 -1
2.67634 -1
1.00561 -1
2.15217 -1
1.43773 -1
2.54971 -1
1.81821 -1
2.65031 -1
1.36358 -1
2.57071 -1
1.95948 -1
2.3284 -1
2.32101 -1
2.35719 -1
3.36406 -1
2.3501 -1
2.79168 -1
2.22073 -1
3.0542 -1
2.5297 -1
1.47297 -1
0.992505 -1
2.19749 -1
2.47006 -1
2.75019 -1
2.38449 -1
1.00743 -1
2.88863 -1
1.91876 -1
1.22611 -1
3.48839 -1
3.01603 -1
1.39413 -1
4.37792 -1
3.56735 -1
2.40356 -1
1.01791 -1
2.43151 -1
2.51293 -1
3.40908 -1
1.43883 -1
1.77989 -1
1.66533 -1
1.66963 -1
3.05788 -1
3.21364 -1
4.28281 -1
2.02285 -1
4.10046 -1
2.59251 -1
2.80465 -1
1.3964 -1
2.24653 -1
3.40413 -1
1.28327 -1
2.32724 -1
1.43873 -1
2.68933 -1
3.10733 -1
3.32377 -1
1.43531 -1
2.49935 -1
2.61666 -1
1.77765 -1
2.17723 -1
4.35732 -1
3.58696 -1
1.75122 -1
2.70353 -1
2.12133 -1
2.5665 -1
3.13042 -1
1.74027 -1
1.58787 -1
3.36867 -1
2.46608 -1
2.7707 -1
2.85522 -1
2.24943 -1
1.24552 -1
3.87838 -1
1.96506 -1
3.21511 -1
2.89236 -1
2.93052 -1
4.6509 -1
2.0188 -1
3.27632 -1
2.97395 -1
2.48857 -1
2.83732 -1
1.87917 -1
3.37395 -1
1.84548 -1
0.980394 -1
2.46341 -1
0.990873 -1
1.52295 -1
4.33349 -1
1.73402 -1
1.46551 -1
1.33862 -1
3.15884 -1
1.80418 -1
2.01181 -1
2.99721 -1
1.63771 -1
3.1512 -1
2.80452 -1
1.00418 -1
3.92949 -1
1.25586 -1
3.36685 -1
2.87226 -1
2.77848 -1
2.66545 -1
2.32223 -1
0.99555 -1
2.76761 -1
2.67468 -1
2.24758 -1
0.993311 -1
2.49368 -1
1.94626 -1
0.981905 -1
3.31704 -1
3.31658 -1
1.47498 -1
1.26803 -1
3.94374 -1
2.11575 -1
2.36563 -1
2.96323 -1
1.86083 -1
1.94433 -1
2.98222 -1
1.39463 -1
1.99429 -1
1.46247 -1
4.27911 -1
3.7125 -1
1.18004 -1
4.65328 -1
4.36389 -1
0.988017 -1
1.67885 -1
3.73369 -1
3.72927 -1
2.60319 -1
2.55869 -1
2.14581 -1
1.57433 -1
1.33724 -1
1.99501 -1
1.40595 -1
2.13782 -1
1.33915 -1
0.989813 -1
1.72696 -1
3.18511 -1
3.24569 -1
2.1724 -1
1.77186 -1
1.64307 -1
4.04141 -1
3.42897 -1
3.1083 -1
1.23963 -1
3.10253 -1
2.13702 -1
3.61115 -1
1.09058 -1
2.38053 -1
1.93359 -1
1.81507 -1
2.01872 -1
2.08321 -1
3.9381 -1
1.79729 -1
3.07788 -1
1.84709 -1
2.04029 -1
2.75048 -1
1.38464 -1
2.89658 -1
1.17313 -1
2.95053 -1
2.24359 -1
2.91308 -1
3.6095 -1
2.73181 -1
2.28285 -1
3.62044 -1
1.15982 -1
3.05549 -1
3.06736 -1
3.27439 -1
3.10598 -1
3.52622 -1
2.24599 -1
2.77307 -1
1.71 -1
3.01706 -1
3.493 -1
2.50725 -1
1.7201 -1
1.76788 -1
2.54931 -1
4.35269 -1
3.80005 -1
1.68964 -1
2.3343 -1
4.24868 -1
2.04884 -1
2.99348 -1
4.55744 -1
2.33479 -1
0.994369 -1
1.49903 -1
1.57686 -1
1.44849 -1
2.79619 -1
1.95752 -1
2.57881 -1
2.29281 -1
1.28785 -1
2.53746 -1
2.21296 -1
1.61429 -1
1.90632 -1
2.67128 -1
1.64214 -1
3.2154 -1
2.30956 -1
2.61697 -1
2.33412 -1
2.6405 -1
2.13547 -1
2.87755 -1
3.8494 -1
3.10317 -1
1.91046 -1
3.25395 -1
3.66821 -1
0.995921 -1
0.99789 -1
1.07001 -1
1.70787 -1
3.34627 -1
2.27897 -1
1.9038 -1
1.71947 -1
2.31548 -1
2.23103 -1
2.4434 -1
1.96034 -1
2.97606 -1
1.18539 -1
2.23743 -1
1.81695 -1
2.64456 -1
2.65617 -1
1.55219 -1
4.21436 -1
3.50829 -1
4.72051 -1
1.09164 -1
4.1691 -1
2.7021 -1
1.395 -1
3.63485 -1
1.15269 -1
3.83269 -1
2.13706 -1
2.35153 -1
2.89762 -1
3.40054 -1
2.69027 -1
3.09526 -1
1.01459 -1
0.98287 -1
1.36872 -1
1.39405 -1
1.81257 -1
1.64495 -1
2.03263 -1
3.94851 -1
1.61876 -1
1.00285 -1
2.8935 -1
2.13803 -1
2.48172 -1
0.986477 -1
2.69044 -1
1.01536 -1
1.01426 -1
3.18423 -1
2.32448 -1
4.54666 -1
1.89916 -1
1.97881 -1
1.33207 -1
6.13798 -1
4.64552 -1
1.51434 -1
3.56439 -1
3.12414 -1
1.84647 -1
1.99992 -1
2.19169 -1
3.41985 -1
2.16031 -1
1.64917 -1
1.02434 -1
3.33045 -1
1.70766 -1
1.62495 -1
2.19237 -1
3.53137 -1
2.64523 -1
1.09539 -1
1.57381 -1
1.35518 -1
1.1176 -1
1.56918 -1
1.24453 -1
1.82994 -1
2.04733 -1
1.38751 -1
0.99108 -1
1.30943 -1
2.47651 -1
2.37067 -1
3.05125 -1
2.0952 -1
1.23082 -1
2.83836 -1
2.84036 -1
1.35531 -1
2.07264 -1
1.37776 -1
2.19266 -1
3.04306 -1
2.20265 -1
3.64534 -1
2.50761 -1
3.103 -1
4.20246 -1
2.0096 -1
3.24858 -1
2.52902 -1
2.77525 -1
2.52875 -1
3.14157 -1
4.13085 -1
3.47474 -1
2.03774 -1
2.23882 -1
1.59899 -1
3.07188 -1
2.38044 -1
2.06928 -1
2.36665 -1
2.41267 -1
1.69297 -1
1.23018 -1
0.988195 -1
3.13073 -1
2.19613 -1
2.28378 -1
2.35027 -1
1.63876 -1
1.12459 -1
2.53471 -1
1.05548 -1
2.31565 -1
4.19268 -1
3.06662 -1
2.23363 -1
2.96414 -1
3.51416 -1
3.12062 -1
1.80223 -1
2.79258 -1
2.52287 -1
3.94031 -1
1.44518 -1
3.92921 -1
3.73936 -1
3.07679 -1
2.80999 -1
2.47304 -1
3.38715 -1
1.3743 -1
3.53288 -1
1.75836 -1
3.23375 -1
2.23329 -1
4.3336 -1
1.11271 -1
3.08147 -1
1.74989 -1
4.56361 -1
1.53015 -1
1.56017 -1
4.50443 -1
3.09684 -1
4.26268 -1
4.7213 -1
2.62335 -1
0.989112 -1
1.34745 -1
2.68449 -1
1.9012 -1
1.80279 -1
2.17804 -1
2.33492 -1
1.00963 -1
1.62329 -1
1.57074 -1
2.07381 -1
1.27028 -1
2.56034 -1
3.88711 -1
4.26619 -1
2.12135 -1
4.59475 -1
0.989334 -1
2.01869 -1
1.413 -1
1.88013 -1
1.64586 -1
4.56686 -1
2.8628 -1
3.07076 -1
4.10322 -1
1.85509 -1
2.87407 -1
1.45463 -1
1.27183 -1
2.8242 -1
2.51527 -1
1.68233 -1
2.72923 -1
1.05522 -1
2.7718 -1
2.84807 -1
2.1657 -1
2.45691 -1
2.31955 -1
2.35625 -1
2.20824 -1
2.72389 -1
1.9683 -1
1.18575 -1
1.74251 -1
1.81524 -1
1.07822 -1
1.42293 -1
1.92323 -1
2.03311 -1
2.13037 -1
0.99268 -1
2.37441 -1
2.66344 -1
0.986708 -1
1.74577 -1
2.53386 -1
2.6988 -1
1.18046 -1
1.59754 -1
1.01086 -1
3.65251 -1
3.35193 -1
2.23163 -1
0.977828 -1
2.51773 -1
1.78003 -1
2.11919 -1
1.72121 -1
3.165 -1
2.69359 -1
2.84389 -1
3.33819 -1
2.84432 -1
3.57729 -1
1.7569 -1
2.45608 -1
2.72775 -1
2.74375 -1
1.70832 -1
3.07321 -1
2.95586 -1
1.31193 -1
1.94696 -1
1.98245 -1
2.85002 -1
2.983 -1
1.02776 -1
1.91043 -1
1.46118 -1
3.43187 -1
2.89744 -1
3.29574 -1
2.75982 -1
3.00861 -1
2.92248 -1
2.66653 -1
1.37911 -1
3.28065 -1
1.76099 -1
1.59074 -1
1.41407 -1
2.04914 -1
1.61046 -1
3.10169 -1
3.84572 -1
1.44384 -1
2.22024 -1
2.07946 -1
1.75849 -1
4.01243 -1
1.74274 -1
1.10205 -1
1.61814 -1
1.8942 -1
2.46612 -1
1.50536 -1
3.42283 -1
1.70581 -1
2.48236 -1
2.52472 -1
1.90975 -1
1.79127 -1
2.25378 -1
0.989996 -1
2.65849 -1
2.12573 -1
1.69421 -1
3.10286 -1
2.87477 -1
2.94732 -1
3.03934 -1
1.71143 -1
2.62182 -1
4.12312 -1
3.3591 -1
2.02065 -1
2.63331 -1
3.31336 -1
2.37226 -1
3.92297 -1
2.79939 -1
1.94669 -1
2.95017 -1
3.09853 -1
3.25012 -1
3.59085 -1
2.47303 -1
2.83986 -1
1.66617 -1
1.80145 -1
2.21895 -1
2.50482 -1
1.94766 -1
1.01542 -1
3.87301 -1
1.35519 -1
1.79881 -1
1.32112 -1
2.28631 -1
1.01181 -1
4.24773 -1
2.32286 -1
2.46313 -1
4.11401 -1
3.69661 -1
3.20095 -1
3.0304 -1
1.27745 -1
1.65316 -1
1.74761 -1
0.997289 -1
1.21453 -1
2.19741 -1
2.74158 -1
3.20878 -1
5.4617 -1
3.44584 -1
2.42014 -1
2.87435 -1
2.35048 -1
2.27219 -1
2.29179 -1
2.06343 -1
1.62193 -1
1.64248 -1
1.80694 -1
2.47631 -1
3.7399 -1
0.999348 -1
1.5574 -1
4.52296 -1
1.95329 -1
1.6167 -1
4.38019 -1
2.21207 -1
3.04992 -1
4.08987 -1
1.72424 -1
2.85183 -1
2.60976 -1
3.88949 -1
3.18304 -1
1.6299 -1
2.38874 -1
2.45928 -1
1.24399 -1
2.77361 -1
2.60707 -1
2.35384 -1
2.51352 -1
3.22749 -1
2.16461 -1
2.17268 -1
2.40694 -1
1.54071 -1
1.00952 -1
3.28033 -1
1.93844 -1
3.93125 -1
2.55986 -1
2.6331 -1
2.94685 -1
1.06032 -1
1.78805 -1
3.75684 -1
3.56445 -1
2.77689 -1
1.96273 -1
2.29437 -1
2.53396 -1
1.86085 -1
3.10524 -1
2.15782 -1
3.60629 -1
3.94923 -1
1.132 -1
2.53702 -1
1.06123 -1
0.978149 -1
2.48448 -1
1.00634 -1
3.55032 -1
0.993896 -1
2.52459 -1
1.82868 -1
1.79731 -1
2.21927 -1
1.0639 -1
1.0014 -1
2.28338 -1
2.01532 -1
2.23959 -1
1.9644 -1
1.39245 -1
1.28272 -1
3.23312 -1
3.26531 -1
1.23378 -1
1.5857 -1
1.58559 -1
1.44661 -1
2.00342 -1
3.15795 -1
2.68797 -1
0.991014 -1
3.77013 -1
1.70765 -1
3.64986 -1
3.14664 -1
1.91482 -1
2.02172 -1
2.32548 -1
2.16847 -1
2.69612 -1
2.67346 -1
1.79139 -1
1.15852 -1
2.28463 -1
2.18079 -1
1.87639 -1
3.62962 -1
4.1662 -1
2.21843 -1
3.96466 -1
4.3561 -1
2.63759 -1
1.60609 -1
1.66425 -1
3.64373 -1
0.994077 -1
4.58579 -1
3.97545 -1
3.49832 -1
2.20766 -1
1.36751 -1
2.37028 -1
2.09777 -1
3.54557 -1
1.60752 -1
3.8381 -1
3.18955 -1
6.50158 -1
3.08028 -1
2.37276 -1
1.30143 -1
1.33274 -1
1.35035 -1
1.38362 -1
2.67549 -1
2.54786 -1
3.09112 -1
3.84339 -1
2.80045 -1
2.00429 -1
1.00015 -1
3.13383 -1
1.76086 -1
4.253 -1
2.37454 -1
2.86182 -1
2.85666 -1
1.71277 -1
2.61695 -1
2.12808 -1
2.89188 -1
3.98495 -1
3.32773 -1
2.08923 -1
1.71184 -1
1.82048 -1
1.00232 -1
2.67629 -1
1.98819 -1
1.84137 -1
2.55098 -1
1.56055 -1
2.85948 -1
2.34835 -1
2.58308 -1
1.83184 -1
2.59554 -1
2.57074 -1
1.80038 -1
2.11379 -1
4.0327 -1
1.67163 -1
1.01835 -1
2.01599 -1
1.89838 -1
0.990519 -1
3.5222 -1
1.81759 -1
1.14944 -1
1.63812 -1
2.1489 -1
0.994609 -1
3.55989 -1
1.92095 -1
2.57255 -1
3.59402 -1
2.43405 -1
2.34667 -1
1.65039 -1
1.47651 -1
2.19349 -1
2.65599 -1
3.83287 -1
4.59927 -1
1.77559 -1
4.05157 -1
2.02161 -1
1.26859 -1
2.93279 -1
2.5283 -1
2.36926 -1
1.6711 -1
1.20716 -1
1.99431 -1
4.14348 -1
1.96798 -1
3.79728 -1
3.78978 -1
3.9238 -1
1.2297 -1
1.00648 -1
3.7253 -1
3.47615 -1
2.38016 -1
2.26131 -1
2.29958 -1
2.48577 -1
3.18864 -1
2.03532 -1
3.05024 -1
0.988315 -1
3.93176 -1
2.83597 -1
2.83429 -1
0.995538 -1
2.31053 -1
3.64571 -1
1.90068 -1
1.83279 -1
2.12669 -1
2.85115 -1
2.07393 -1
1.5961 -1
3.60131 -1
4.57645 -1
0.995749 -1
3.53703 -1
2.81122 -1
3.72984 -1
3.57185 -1
2.49994 -1
1.85232 -1
3.97956 -1
1.32925 -1
2.55129 -1
2.92835 -1
2.05884 -1
1.8167 -1
2.81297 -1
2.643 -1
1.52821 -1
3.19616 -1
2.06263 -1
3.33407 -1
3.30787 -1
2.23989 -1
1.68879 -1
3.0531 -1
2.16335 -1
3.28949 -1
3.3933 -1
3.66647 -1
3.36074 -1
2.22318 -1
2.62776 -1
2.24462 -1
2.49242 -1
2.70564 -1
2.14698 -1
1.43121 -1
2.23871 -1
3.23181 -1
1.45456 -1
2.01275 -1
3.69728 -1
1.44019 -1
1.94935 -1
2.14543 -1
2.81923 -1
2.07872 -1
1.8961 -1
2.51327 -1
3.37375 -1
3.39789 -1
2.21835 -1
2.05375 -1
1.62884 -1
1.76518 -1
0.99164 -1
2.56997 -1
4.40724 -1
2.7115 -1
4.7006 -1
1.71479 -1
3.34215 -1
3.50306 -1
1.82646 -1
2.75792 -1
1.4834 -1
2.17679 -1
2.34326 -1
0.992447 -1
1.01665 -1
1.75887 -1
1.44905 -1
2.15506 -1
3.65849 -1
4.27116 -1
0.985061 -1
3.86432 -1
3.98873 -1
1.69025 -1
2.04499 -1
2.62868 -1
2.08427 -1
1.57627 -1
2.19048 -1
1.33675 -1
2.2494 -1
3.20138 -1
1.5626 -1
1.61214 -1
2.14168 -1
4.00425 -1
1.55461 -1
1.53384 -1
2.32665 -1
2.32489 -1
2.1321 -1
2.84811 -1
1.67871 -1
2.16732 -1
2.07694 -1
2.0206 -1
2.64731 -1
1.71682 -1
1.70942 -1
2.50239 -1
1.19232 -1
1.37873 -1
1.82572 -1
2.26535 -1
1.92356 -1
2.09027 -1
1.77493 -1
1.07457 -1
1.89331 -1
2.00936 -1
0.990373 -1
2.20594 -1
1.35733 -1
1.43 -1
2.23479 -1
2.11231 -1
1.12791 -1
2.14219 -1
2.01548 -1
2.3384 -1
1.54305 -1
1.14716 -1
0.997123 -1
2.08474 -1
2.1001 -1
1.99836 -1
2.2785 -1
2.14103 -1
2.29815 -1
1.66333 -1
2.12521 -1
2.61186 -1
2.49304 -1
1.92418 -1
2.16177 -1
2.24014 -1
2.89317 -1
2.72321 -1
3.13317 -1
3.56076 -1
3.30365 -1
2.49576 -1
1.96385 -1
1.71979 -1
1.05451 -1
1.63273 -1
1.99057 -1
1.81105 -1
2.70588 -1
3.65167 -1
1.97519 -1
1.01735 -1
3.12299 -1
1.51104 -1
1.74916 -1
2.3472 -1
1.59945 -1
1.55463 -1
2.44334 -1
3.00441 -1
1.08435 -1
3.44335 -1
1.43588 -1
2.23341 -1
3.70199 -1
1.6245 -1
2.60976 -1
1.34313 -1
2.05687 -1
2.10251 -1
1.41517 -1
1.10376 -1
2.1728 -1
2.5598 -1
3.80688 -1
3.09591 -1
2.0749 -1
1.98443 -1
3.06845 -1
3.10027 -1
2.67705 -1
2.79743 -1
1.89835 -1
1.44708 -1
1.47168 -1
1.52948 -1
1.01333 -1
1.53173 -1
2.34972 -1
4.70631 -1
1.51085 -1
2.33165 -1
2.46341 -1
4.47773 -1
1.32728 -1
1.94005 -1
2.45018 -1
2.15713 -1
3.54266 -1
1.92657 -1
4.00727 -1
2.57491 -1
2.5176 -1
3.21284 -1
4.64364 -1
2.60918 -1
2.69788 -1
2.25479 -1
3.03531 -1
3.65463 -1
2.56699 -1
1.81518 -1
1.90906 -1
1.79037 -1
3.08092 -1
2.87651 -1
2.07158 -1
2.42212 -1
1.79109 -1
1.53654 -1
2.75924 -1
2.14689 -1
2.01749 -1
1.45835 -1
3.06755 -1
3.35493 -1
1.49775 -1
2.74176 -1
2.3036 -1
1.95905 -1
3.98696 -1
2.93371 -1
3.32485 -1
1.57226 -1
3.00247 -1
3.3164 -1
1.73182 -1
1.00291 -1
2.87856 -1
2.90996 -1
2.96193 -1
2.05012 -1
2.87912 -1
1.86089 -1
2.06045 -1
4.18342 -1
1.51585 -1
3.2374 -1
4.46789 -1
2.53581 -1
1.29916 -1
2.19307 -1
1.15892 -1
2.7741 -1
0.980241 -1
1.41506 -1
2.65756 -1
1.72866 -1
1.01823 -1
2.22908 -1
2.1621 -1
1.72752 -1
1.83455 -1
1.49746 -1
2.348 -1
1.70387 -1
3.09497 -1
2.65045 -1
4.12918 -1
0.995632 -1
2.91629 -1
1.37487 -1
2.07507 -1
1.78205 -1
3.10632 -1
1.33301 -1
1.64267 -1
1.02434 -1
2.30443 -1
3.35338 -1
2.5216 -1
2.08976 -1
2.38299 -1
3.07953 -1
3.18215 -1
2.20435 -1
4.13529 -1
0.979253 -1
1.83258 -1
2.00955 -1
1.72125 -1
1.2132 -1
1.00285 -1
3.42764 -1
3.41377 -1
3.56138 -1
2.43949 -1
3.15145 -1
3.85494 -1
3.05407 -1
3.41757 -1
2.19296 -1
3.68762 -1
4.11743 -1
2.96151 -1
3.36309 -1
2.8055 -1
3.64027 -1
1.93995 -1
3.13547 -1
3.67378 -1
2.72924 -1
1.60403 -1
3.13433 -1
2.33884 -1
1.23461 -1
2.47764 -1
1.37685 -1
2.30254 -1
1.00008 -1
1.64637 -1
2.61799 -1
2.74543 -1
3.21711 -1
2.22446 -1
1.67113 -1
2.7686 -1
1.00472 -1
1.44301 -1
2.74082 -1
1.39441 -1
3.42854 -1
2.65775 -1
2.74124 -1
1.98009 -1
4.19555 -1
1.31947 -1
1.29266 -1
2.38837 -1
0.999368 -1
1.00267 -1
1.36159 -1
1.69924 -1
0.99697 -1
2.03733 -1
1.52296 -1
1.44885 -1
2.05218 -1
2.46222 -1
1.00612 -1
2.10724 -1
1.92714 -1
1.4593 -1
2.6445 -1
2.19256 -1
1.40346 -1
3.87149 -1
3.94715 -1
1.09705 -1
3.37837 -1
2.82823 -1
2.75666 -1
3.12966 -1
2.58047 -1
2.61508 -1
2.63595 -1
2.61 -1
1.86218 -1
1.01137 -1
3.45261 -1
4.25694 -1
3.01154 -1
2.77982 -1
1.83231 -1
2.2788 -1
2.6512 -1
2.74817 -1
1.67325 -1
2.88443 -1
1.31829 -1
2.05418 -1
2.15298 -1
2.82281 -1
3.03642 -1
2.37117 -1
2.92744 -1
1.59764 -1
4.50704 -1
1.83942 -1
2.83411 -1
2.92918 -1
1.71858 -1
0.985406 -1
2.8757 -1
4.39434 -1
5.83743 -1
1.90057 -1
1.51789 -1
1.90614 -1
2.49419 -1
2.64805 -1
2.20235 -1
2.59167 -1
2.10582 -1
2.45176 -1
2.73525 -1
2.41862 -1
2.22695 -1
3.03117 -1
2.28397 -1
1.72594 -1
1.94353 -1
2.13161 -1
1.73376 -1
2.59104 -1
2.99295 -1
4.14065 -1
4.33056 -1
2.24428 -1
2.61478 -1
1.90492 -1
2.77388 -1
1.86648 -1
3.36952 -1
2.5507 -1
1.48938 -1
2.14856 -1
1.01429 -1
3.35823 -1
1.52192 -1
2.31184 -1
3.14048 -1
2.32206 -1
2.93886 -1
1.33183 -1
1.98025 -1
3.74704 -1
1.01486 -1
2.9704 -1
1.18132 -1
1.5537 -1
2.64667 -1
1.88811 -1
1.16125 -1
2.15291 -1
2.18937 -1
2.18205 -1
3.087 -1
1.7491 -1
2.93055 -1
1.22637 -1
2.37877 -1
2.13115 -1
1.54008 -1
0.994366 -1
2.32815 -1
0.994889 -1
3.4136 -1
1.00116 -1
2.99114 -1
3.27903 -1
3.17959 -1
3.43304 -1
2.26838 -1
0.985416 -1
2.47619 -1
2.24955 -1
4.65046 -1
4.74449 -1
1.69664 -1
1.88734 -1
1.28795 -1
3.26188 -1
2.09242 -1
1.57512 -1
1.1991 -1
2.30077 -1
3.80211 -1
2.61683 -1
2.29694 -1
2.53887 -1
0.986308 -1
3.19502 -1
1.8311 -1
1.00419 -1
2.28416 -1
2.89411 -1
1.00321 -1
1.84 -1
1.9105 -1
2.69921 -1
1.08323 -1
3.31062 -1
1.73291 -1
0.981516 -1
2.10167 -1
2.47651 -1
2.08601 -1
2.74483 -1
2.97423 -1
2.31877 -1
2.79327 -1
1.57849 -1
3.0088 -1
2.59287 -1
1.50795 -1
2.93632 -1
1.48324 -1
1.17042 -1
1.45304 -1
2.55009 -1
2.16102 -1
2.24869 -1
2.77093 -1
1.87634 -1
1.02714 -1
1.88205 -1
2.40403 -1
1.12154 -1
1.42711 -1
4.0974 -1
1.72207 -1
1.80199 -1
1.14504 -1
2.05787 -1
0.999166 -1
4.01599 -1
2.64088 -1
2.226 -1
2.33269 -1
2.2518 -1
1.51078 -1
2.52624 -1
2.38692 -1
2.98999 -1
1.96577 -1
2.31281 -1
2.12344 -1
1.79647 -1
2.24265 -1
2.86338 -1
0.996502 -1
0.98489 -1
1.55669 -1
1.00432 -1
1.81898 -1
2.22105 -1
2.31909 -1
1.39189 -1
1.71178 -1
1.69966 -1
1.97092 -1
1.86964 -1
2.22621 -1
2.09942 -1
2.15349 -1
3.01473 -1
2.62801 -1
1.00438 -1
1.7741 -1
2.70826 -1
2.67621 -1
2.3528 -1
2.64556 -1
2.91133 -1
4.27219 -1
3.61208 -1
2.61111 -1
2.3013 -1
2.137 -1
2.46705 -1
4.25666 -1
2.02216 -1
2.99364 -1
0.984448 -1
1.55149 -1
1.76801 -1
1.93929 -1
0.994396 -1
1.66603 -1
1.967 -1
2.51 -1
1.25388 -1
2.01524 -1
1.71532 -1
4.17546 -1
1.37887 -1
4.50796 -1
1.92806 -1
1.17924 -1
3.5658 -1
3.81848 -1
4.55637 -1
4.02316 -1
3.64108 -1
2.22082 -1
3.16496 -1
2.23231 -1
2.94134 -1
2.05554 -1
2.54592 -1
2.61974 -1
2.84643 -1
2.2005 -1
3.1666 -1
1.65499 -1
1.59824 -1
2.95207 -1
2.10609 -1
2.81371 -1
2.50227 -1
1.40661 -1
1.18423 -1
2.45092 -1
1.82142 -1
3.00696 -1
1.38725 -1
1.69082 -1
1.74244 -1
2.90539 -1
1.62544 -1
0.995238 -1
2.64358 -1
1.56545 -1
2.00025 -1
4.15594 -1
3.1239 -1
3.8868 -1
4.1358 -1
1.18884 -1
2.00706 -1
3.95471 -1
3.59431 -1
1.54977 -1
2.35594 -1
1.00428 -1
0.984459 -1
2.2968 -1
1.56483 -1
1.28617 -1
2.65629 -1
2.30067 -1
2.75652 -1
1.5643 -1
2.2034 -1
1.85147 -1
2.60656 -1
2.50269 -1
1.52331 -1
1.10538 -1
2.4918 -1
1.89033 -1
1.06764 -1
1.12295 -1
2.2041 -1
1.19391 -1
2.39971 -1
1.91526 -1
2.27155 -1
1.32888 -1
0.979834 -1
2.57625 -1
2.56073 -1
1.99141 -1
1.54064 -1
1.81476 -1
1.45179 -1
1.55888 -1
2.13241 -1
1.56264 -1
1.46235 -1
2.12207 -1
1.9224 -1
2.44282 -1
2.2153 -1
2.2113 -1
1.69395 -1
2.29418 -1
2.59087 -1
2.39279 -1
1.96168 -1
2.09899 -1
2.53993 -1
2.7844 -1
1.01315 -1
2.67426 -1
3.41767 -1
1.44637 -1
2.07722 -1
2.1646 -1
1.43559 -1
1.72845 -1
1.29441 -1
2.86835 -1
2.77295 -1
2.42928 -1
2.11403 -1
1.95938 -1
2.31286 -1
1.88132 -1
1.93719 -1
1.69453 -1
2.68732 -1
2.76205 -1
1.35417 -1
1.39398 -1
1.55403 -1
2.18864 -1
1.02346 -1
2.86749 -1
1.92946 -1
4.16731 -1
2.04775 -1
1.4539 -1
0.987075 -1
3.87299 -1
1.28938 -1
1.27779 -1
2.75537 -1
1.5006 -1
1.01915 -1
2.0017 -1
1.99636 -1
1.23743 -1
3.98586 -1
2.36277 -1
2.89092 -1
2.40419 -1
2.54403 -1
3.71955 -1
1.83084 -1
1.92143 -1
1.20782 -1
3.23304 -1
2.13135 -1
3.88302 -1
4.43508 -1
2.47639 -1
3.07714 -1
2.97684 -1
4.70219 -1
2.20027 -1
4.74942 -1
1.07555 -1
1.73613 -1
2.08189 -1
1.64259 -1
1.74943 -1
2.78526 -1
4.10805 -1
1.65379 -1
4.29137 -1
4.88659 -1
3.74725 -1
2.65922 -1
2.84245 -1
3.00543 -1
3.89022 -1
2.02988 -1
3.58217 -1
1.75302 -1
3.91201 -1
4.27442 -1
3.11013 -1
2.62199 -1
3.69298 -1
4.28548 -1
2.5882 -1
2.7406 -1
1.44142 -1
2.59299 -1
2.21613 -1
2.62717 -1
3.59239 -1
3.35835 -1
3.79531 -1
2.17923 -1
3.81155 -1
3.28605 -1
3.87759 -1
1.1094 -1
4.10141 -1
3.09005 -1
2.72476 -1
2.43937 -1
3.56302 -1
2.58008 -1
1.92126 -1
2.00979 -1
4.45995 -1
2.2851 -1
1.41472 -1
2.78132 -1
2.49695 -1
1.61759 -1
2.1704 -1
3.30219 -1
3.56553 -1
3.54317 -1
3.67519 -1
3.50137 -1
3.73434 -1
2.8387 -1
2.12999 -1
3.76925 -1
3.4642 -1
2.44869 -1
3.53345 -1
3.41719 -1
3.73819 -1
1.94611 -1
2.7702 -1
3.41204 -1
3.57728 -1
3.51365 -1
2.0352 -1
2.28902 -1
2.58176 -1
1.32555 -1
1.57335 -1
2.05852 -1
2.01815 -1
3.02768 -1
2.76419 -1
2.69402 -1
3.82788 -1
4.50287 -1
1.68863 -1
4.22542 -1
2.55324 -1
2.23078 -1
2.44301 -1
1.49165 -1
2.23235 -1
2.79681 -1
2.3448 -1
2.12118 -1
1.70314 -1
2.23768 -1
2.41658 -1
1.44146 -1
1.59471 -1
1.72413 -1
2.23822 -1
2.5634 -1
2.09052 -1
4.58435 -1
2.61255 -1
1.90074 -1
1.68682 -1
2.95152 -1
2.7239 -1
1.84233 -1
2.47537 -1
1.2733 -1
2.1906 -1
1.62802 -1
0.996286 -1
1.22317 -1
1.00613 -1
1.12182 -1
1.41559 -1
4.25867 -1
1.99736 -1
2.46084 -1
1.3035 -1
3.0414 -1
2.9232 -1
1.90538 -1
1.56472 -1
1.33383 -1
1.61235 -1
2.84595 -1
1.72162 -1
1.57455 -1
2.0254 -1
2.91535 -1
2.72842 -1
1.05146 -1
2.25847 -1
2.86973 -1
2.52732 -1
2.77325 -1
1.47215 -1
2.56266 -1
1.32094 -1
3.24827 -1
2.40319 -1
2.75486 -1
0.989576 -1
2.94971 -1
1.98268 -1
2.45709 -1
1.82989 -1
2.04415 -1
1.20739 -1
2.45362 -1
3.20022 -1
3.45451 -1
2.73866 -1
1.76557 -1
1.01655 -1
0.992292 -1
2.05199 -1
1.54919 -1
1.42697 -1
1.00719 -1
3.3218 -1
2.54982 -1
1.65144 -1
1.01304 -1
2.68058 -1
1.52141 -1
2.34895 -1
1.57507 -1
1.2173 -1
2.11879 -1
1.19929 -1
2.41155 -1
4.39304 -1
1.43587 -1
1.93966 -1
1.72217 -1
1.14836 -1
1.68983 -1
2.42017 -1
0.982835 -1
1.41635 -1
0.984926 -1
1.51654 -1
2.01566 -1
3.32893 -1
1.24339 -1
1.4886 -1
3.0293 -1
3.03575 -1
2.30656 -1
2.9287 -1
1.67034 -1
1.64514 -1
1.28818 -1
1.42403 -1
3.11189 -1
2.43459 -1
2.66959 -1
2.45011 -1
1.09855 -1
0.984161 -1
2.60361 -1
2.55938 -1
2.58097 -1
1.82195 -1
1.60902 -1
2.16079 -1
1.63018 -1
4.1548 -1
2.98133 -1
1.33311 -1
2.27392 -1
1.6156 -1
1.99714 -1
1.29914 -1
4.73739 -1
2.85378 -1
1.40297 -1
0.998263 -1
1.3393 -1
1.24905 -1
1.13084 -1
1.23363 -1
1.5228 -1
1.81929 -1
1.95746 -1
1.86025 -1
2.45432 -1
2.28863 -1
2.3653 -1
1.53672 -1
2.06426 -1
3.87515 -1
2.04874 -1
1.28783 -1
2.75559 -1
2.85544 -1
2.72025 -1
4.65453 -1
1.07887 -1
2.05257 -1
2.22264 -1
2.08222 -1
2.1972 -1
1.57708 -1
2.68959 -1
1.32798 -1
3.46311 -1
1.59945 -1
3.52126 -1
1.91081 -1
0.988556 -1
1.29671 -1
4.2561 -1
1.71548 -1
0.996522 -1
1.97955 -1
1.66826 -1
1.59074 -1
4.31877 -1
1.70568 -1
3.66503 -1
2.60332 -1
2.00862 -1
2.05971 -1
1.08918 -1
3.57413 -1
4.00797 -1
1.57945 -1
2.32247 -1
2.03224 -1
1.53459 -1
2.98182 -1
3.07047 -1
1.00333 -1
1.8973 -1
0.982484 -1
1.95218 -1
1.67452 -1
1.63636 -1
1.53293 -1
3.18553 -1
3.95609 -1
2.44006 -1
4.12691 -1
1.04291 -1
4.08308 -1
1.00664 -1
1.22654 -1
3.10896 -1
1.00282 -1
0.997436 -1
3.347 -1
2.07698 -1
2.33988 -1
0.988388 -1
2.1129 -1
1.24008 -1
1.57941 -1
2.14683 -1
2.5268 -1
1.64842 -1
1.59034 -1
1.67063 -1
2.08517 -1
1.85912 -1
1.9134 -1
1.97952 -1
4.17916 -1
1.62269 -1
3.80516 -1
3.2132 -1
4.38823 -1
4.08114 -1
2.17627 -1
1.56513 -1
2.77514 -1
4.05469 -1
4.15895 -1
3.99662 -1
5.06034 -1
2.20338 -1
2.16928 -1
2.27361 -1
0.991918 -1
2.29203 -1
1.01047 -1
1.87577 -1
3.01445 -1
2.68089 -1
3.05121 -1
2.9808 -1
2.29527 -1
2.75508 -1
3.00395 -1
3.25117 -1
3.28719 -1
2.1128 -1
2.68456 -1
2.95939 -1
3.86507 -1
4.61059 -1
2.46365 -1
1.48106 -1
0.991278 -1
3.2665 -1
2.48538 -1
3.52293 -1
2.70564 -1
2.9464 -1
2.11231 -1
3.42296 -1
3.19682 -1
2.88927 -1
2.36975 -1
2.12757 -1
2.00899 -1
3.63933 -1
2.90258 -1
1.70835 -1
2.09302 -1
2.91186 -1
0.991478 -1
1.00402 -1
2.20287 -1
4.23062 -1
3.17785 -1
2.99449 -1
0.983494 -1
2.07492 -1
2.00734 -1
2.05374 -1
2.26124 -1
0.987623 -1
2.08465 -1
1.77729 -1
2.69334 -1
0.984107 -1
2.3091 -1
2.01748 -1
1.00747 -1
2.19764 -1
1.50716 -1
1.16196 -1
2.67809 -1
1.84453 -1
2.03406 -1
2.17408 -1
3.04341 -1
3.56573 -1
2.67081 -1
0.994719 -1
2.60338 -1
4.11424 -1
1.23951 -1
3.45667 -1
2.32774 -1
2.86219 -1
1.60847 -1
3.10369 -1
2.34062 -1
2.27187 -1
4.10353 -1
2.49673 -1
2.53232 -1
2.55989 -1
2.6738 -1
3.93489 -1
3.23045 -1
2.34863 -1
1.93732 -1
2.18393 -1
2.26133 -1
2.65406 -1
3.77868 -1
2.63958 -1
2.67432 -1
2.53839 -1
3.07442 -1
3.07923 -1
3.37897 -1
2.2273 -1
3.05211 -1
4.21476 -1
4.11494 -1
1.40889 -1
3.14469 -1
4.44005 -1
2.18087 -1
2.16362 -1
2.62639 -1
1.53467 -1
1.36631 -1
1.81221 -1
2.66003 -1
1.78466 -1
1.96478 -1
1.87516 -1
2.48306 -1
1.70571 -1
2.66038 -1
2.48559 -1
1.00973 -1
2.82633 -1
2.88661 -1
1.91175 -1
1.32378 -1
2.60083 -1
2.37005 -1
1.83872 -1
2.17289 -1
2.70953 -1
3.47959 -1
2.56932 -1
2.01045 -1
2.44654 -1
2.3136 -1
1.353 -1
2.94132 -1
1.16714 -1
2.30447 -1
1.72641 -1
2.65785 -1
1.73617 -1
0.996074 -1
1.96805 -1
1.9513 -1
0.990829 -1
2.69822 -1
3.41312 -1
3.36741 -1
4.02163 -1
2.8973 -1
2.81068 -1
2.00289 -1
3.60486 -1
2.5211 -1
4.07436 -1
2.29622 -1
2.37712 -1
2.782 -1
2.58964 -1
3.44159 -1
2.02804 -1
2.15784 -1
2.80814 -1
3.019 -1
3.1199 -1
2.29114 -1
2.25371 -1
1.8209 -1
1.42714 -1
1.19601 -1
3.17714 -1
2.34688 -1
3.00936 -1
2.98854 -1
2.17407 -1
1.74272 -1
1.99254 -1
2.16394 -1
2.06374 -1
2.06344 -1
3.21067 -1
1.15109 -1
2.20484 -1
1.42316 -1
1.92101 -1
2.37428 -1
2.79674 -1
2.93354 -1
1.85858 -1
3.08169 -1
2.51814 -1
1.6774 -1
4.26146 -1
2.72599 -1
2.50679 -1
0.991693 -1
1.98753 -1
3.17452 -1
2.0719 -1
2.47076 -1
2.1784 -1
2.38752 -1
2.48728 -1
3.7479 -1
1.91554 -1
1.90909 -1
2.70889 -1
3.68536 -1
3.39072 -1
2.53574 -1
2.74409 -1
2.55502 -1
2.04107 -1
2.32093 -1
1.83475 -1
2.22744 -1
1.22423 -1
3.10229 -1
1.44456 -1
2.34557 -1
1.14286 -1
1.98311 -1
2.84795 -1
3.26576 -1
2.12729 -1
2.13258 -1
2.01361 -1
1.82788 -1
1.535 -1
2.24804 -1
0.989527 -1
2.07722 -1
1.43587 -1
1.89024 -1
1.92853 -1
2.28942 -1
2.82645 -1
2.14118 -1
1.82605 -1
1.95655 -1
2.56491 -1
1.33327 -1
3.18344 -1
1.41671 -1
2.07231 -1
2.36646 -1
2.18279 -1
2.1831 -1
1.21862 -1
0.997304 -1
2.45324 -1
2.45742 -1
2.88749 -1
1.8279 -1
2.93836 -1
1.35351 -1
1.51892 -1
1.86126 -1
1.18116 -1
1.08408 -1
0.997782 -1
1.8111 -1
0.994595 -1
4.06371 -1
1.9708 -1
3.18662 -1
2.42718 -1
2.40475 -1
1.90128 -1
3.7855 -1
1.01264 -1
3.13793 -1
1.87041 -1
3.55718 -1
1.48236 -1
0.998343 -1
1.00605 -1
3.06519 -1
1.93641 -1
0.990001 -1
1.67906 -1
1.76675 -1
1.73858 -1
3.66607 -1
2.89271 -1
2.6192 -1
0.992279 -1
2.11051 -1
2.97636 -1
2.27801 -1
2.41361 -1
2.05291 -1
3.34868 -1
2.59977 -1
2.92282 -1
3.87793 -1
3.59173 -1
3.10746 -1
2.28266 -1
3.19286 -1
1.59034 -1
2.14958 -1
2.03283 -1
1.98988 -1
3.35828 -1
1.62395 -1
3.05002 -1
1.88544 -1
1.73754 -1
2.4235 -1
1.32033 -1
2.3058 -1
4.84915 -1
3.65724 -1
1.6419 -1
2.99787 -1
2.84289 -1
2.28092 -1
4.01606 -1
3.3053 -1
3.51076 -1
1.8319 -1
3.43855 -1
1.69304 -1
2.11075 -1
4.05484 -1
1.90809 -1
4.32836 -1
3.04773 -1
3.20967 -1
3.0544 -1
2.24102 -1
2.9386 -1
3.49035 -1
3.72293 -1
3.04746 -1
1.38245 -1
2.23523 -1
1.79705 -1
2.59953 -1
2.24434 -1
1.54833 -1
3.12229 -1
2.24679 -1
2.17252 -1
1.29878 -1
2.38548 -1
1.77243 -1
1.26709 -1
1.10714 -1
3.58957 -1
0.995476 -1
4.14948 -1
1.70594 -1
3.14468 -1
2.50338 -1
1.68169 -1
2.66305 -1
1.91686 -1
1.7376 -1
1.732 -1
2.64725 -1
3.67888 -1
1.97153 -1
1.41126 -1
2.02129 -1
2.10963 -1
3.60581 -1
1.56635 -1
3.90293 -1
2.52598 -1
2.5215 -1
3.51438 -1
3.26398 -1
2.64871 -1
3.28085 -1
2.28621 -1
1.02043 -1
1.18795 -1
1.52976 -1
0.987063 -1
1.45628 -1
1.13394 -1
3.04889 -1
2.64349 -1
2.24945 -1
4.13367 -1
1.00257 -1
2.97304 -1
0.982021 -1
2.11238 -1
4.11766 -1
3.90528 -1
1.32429 -1
2.02316 -1
1.00528 -1
3.276 -1
2.30856 -1
2.6389 -1
3.11575 -1
0.988389 -1
1.00669 -1
2.18375 -1
1.80655 -1
4.07013 -1
2.30232 -1
1.96123 -1
1.18458 -1
3.19521 -1
2.2761 -1
1.8104 -1
3.89301 -1
3.58311 -1
1.77293 -1
2.72483 -1
1.76696 -1
2.60813 -1
3.21505 -1
4.79225 -1
2.56173 -1
1.39305 -1
2.49339 -1
2.5231 -1
1.00021 -1
1.74432 -1
2.23349 -1
1.69556 -1
3.0263 -1
2.93875 -1
1.74446 -1
1.57908 -1
3.37187 -1
3.55295 -1
1.45067 -1
2.24379 -1
4.1395 -1
3.24793 -1
3.6376 -1
3.61583 -1
2.20163 -1
1.90282 -1
5.07717 -1
4.06231 -1
2.29532 -1
3.03959 -1
1.7383 -1
1.84446 -1
2.36986 -1
1.56489 -1
2.591 -1
2.5655 -1
2.71607 -1
2.38952 -1
2.67648 -1
2.70741 -1
2.46312 -1
3.12638 -1
2.22004 -1
1.89688 -1
3.39203 -1
2.3911 -1
3.33866 -1
3.46973 -1
2.99461 -1
5.04182 -1
1.86242 -1
3.1917 -1
2.11994 -1
1.85231 -1
2.59363 -1
2.66913 -1
2.54217 -1
2.81456 -1
2.30623 -1
4.53433 -1
3.51686 -1
2.29478 -1
2.02899 -1
1.99808 -1
2.4091 -1
1.32638 -1
2.46768 -1
3.01278 -1
3.01246 -1
2.47628 -1
3.07366 -1
4.32282 -1
2.48088 -1
3.47337 -1
3.45115 -1
5.40155 -1
5.21313 -1
1.8691 -1
3.75773 -1
3.87748 -1
3.69007 -1
3.91882 -1
2.06525 -1
1.37274 -1
4.56 -1
2.1067 -1
2.80462 -1
2.62677 -1
2.84908 -1
4.08291 -1
2.24377 -1
1.9581 -1
2.30524 -1
2.59905 -1
2.7273 -1
3.22986 -1
2.93112 -1
2.72717 -1
2.86514 -1
2.62337 -1
1.44393 -1
2.94102 -1
1.78767 -1
0.996237 -1
3.33665 -1
1.17541 -1
2.05343 -1
0.991964 -1
1.96881 -1
2.3145 -1
1.51684 -1
1.87931 -1
1.43225 -1
1.50743 -1
2.65619 -1
1.94551 -1
2.30976 -1
3.32843 -1
1.59152 -1
1.24108 -1
2.567 -1
3.07746 -1
1.23784 -1
2.96902 -1
0.986921 -1
2.37639 -1
2.27939 -1
2.01151 -1
2.34613 -1
1.40644 -1
2.46639 -1
2.33304 -1
1.87306 -1
1.6748 -1
1.0297 -1
1.6352 -1
2.65719 -1
2.59887 -1
2.74831 -1
2.15847 -1
2.32602 -1
2.65022 -1
3.13294 -1
3.09379 -1
2.78085 -1
2.66223 -1
2.33983 -1
2.53086 -1
4.11311 -1
3.62875 -1
2.45976 -1
2.16394 -1
2.06922 -1
2.96625 -1
1.96692 -1
3.26231 -1
2.95786 -1
3.82991 -1
3.45267 -1
3.50336 -1
3.90684 -1
3.62819 -1
1.57952 -1
4.18487 -1
2.9435 -1
1.88943 -1
3.6832 -1
3.41576 -1
1.75003 -1
2.21498 -1
4.00109 -1
2.49513 -1
2.68679 -1
3.45262 -1
1.979 -1
3.40188 -1
3.49337 -1
1.89212 -1
1.2023 -1
2.06062 -1
2.17118 -1
2.37465 -1
3.58054 -1
3.10114 -1
2.89474 -1
2.33311 -1
3.56427 -1
1.75219 -1
2.33424 -1
2.6137 -1
1.57749 -1
3.69704 -1
2.67152 -1
4.15695 -1
3.38434 -1
3.08067 -1
1.73469 -1
3.30007 -1
3.93875 -1
1.87203 -1
2.67973 -1
3.75319 -1
3.26131 -1
3.65301 -1
2.93747 -1
2.29862 -1
2.38302 -1
2.50107 -1
3.67195 -1
4.09442 -1
2.55616 -1
1.75616 -1
2.30871 -1
1.07322 -1
2.66434 -1
1.19986 -1
2.73872 -1
1.62598 -1
2.3778 -1
1.91608 -1
1.47161 -1
2.10531 -1
1.41113 -1
1.57899 -1
1.51399 -1
1.91418 -1
1.79855 -1
1.37621 -1
0.993385 -1
1.85222 -1
1.75794 -1
1.73366 -1
1.32978 -1
1.46795 -1
2.69024 -1
2.4478 -1
2.19057 -1
1.93646 -1
1.81508 -1
1.34894 -1
1.83996 -1
3.72892 -1
1.18854 -1
1.97803 -1
3.69792 -1
1.52111 -1
2.14684 -1
2.43279 -1
1.67442 -1
2.05847 -1
1.52349 -1
1.92717 -1
2.12089 -1
1.24561 -1
2.31796 -1
1.00533 -1
2.46547 -1
2.75265 -1
2.27337 -1
2.46209 -1
1.48685 -1
2.02056 -1
1.95568 -1
1.78933 -1
2.73197 -1
1.13131 -1
1.70322 -1
2.71224 -1
1.13867 -1
1.37686 -1
2.29153 -1
1.81558 -1
2.04128 -1
1.68828 -1
2.07292 -1
1.58939 -1
2.22845 -1
1.5317 -1
1.44957 -1
1.78354 -1
0.995731 -1
1.52985 -1
1.82734 -1
2.21616 -1
1.26331 -1
2.03196 -1
2.94352 -1
1.61633 -1
2.75088 -1
1.81367 -1
1.98557 -1
2.85272 -1
1.96318 -1
1.7945 -1
2.38538 -1
1.92866 -1
3.14618 -1
3.46458 -1
3.14513 -1
3.34455 -1
2.58832 -1
2.29757 -1
4.03852 -1
2.29764 -1
3.06787 -1
2.32285 -1
2.96043 -1
3.99452 -1
2.81425 -1
2.91484 -1
1.00599 -1
3.006 -1
2.2532 -1
3.32386 -1
2.61761 -1
4.66023 -1
2.01816 -1
3.28953 -1
4.10232 -1
2.10668 -1
2.13818 -1
1.53299 -1
2.80664 -1
3.38203 -1
3.149 -1
1.7017 -1
2.52254 -1
1.52134 -1
2.91993 -1
2.16702 -1
3.68514 -1
3.88321 -1
4.53862 -1
2.9848 -1
1.95902 -1
4.62215 -1
4.6877 -1
2.19383 -1
2.75693 -1
3.73645 -1
2.03567 -1
0.984734 -1
1.39953 -1
2.00988 -1
2.80796 -1
2.04294 -1
1.00794 -1
1.72334 -1
1.77236 -1
1.88873 -1
1.05581 -1
1.40529 -1
1.79494 -1
1.3974 -1
3.07306 -1
3.34093 -1
2.1294 -1
4.06633 -1
0.988249 -1
1.43851 -1
1.97722 -1
1.7905 -1
4.69321 -1
3.89192 -1
3.64262 -1
3.21195 -1
2.04775 -1
3.88907 -1
3.67029 -1
4.91243 -1
1.94571 -1
2.4239 -1
1.77282 -1
1.66465 -1
2.11271 -1
3.18353 -1
2.41601 -1
1.48827 -1
2.96361 -1
2.17644 -1
1.77771 -1
2.9772 -1
1.09395 -1
1.97481 -1
1.67515 -1
0.984967 -1
2.07647 -1
2.47481 -1
3.57746 -1
1.90693 -1
2.48917 -1
2.60895 -1
2.16212 -1
1.61897 -1
2.12009 -1
2.27109 -1
1.90152 -1
1.8662 -1
0.981762 -1
1.72606 -1
2.8902 -1
1.47344 -1
1.17542 -1
2.10196 -1
4.64808 -1
2.34689 -1
2.89645 -1
1.46032 -1
4.67706 -1
3.47411 -1
2.1502 -1
3.09874 -1
2.6255 -1
1.53909 -1
1.82525 -1
1.66181 -1
2.1001 -1
3.32242 -1
3.0818 -1
2.3653 -1
2.34057 -1
1.00152 -1
1.01154 -1
2.60446 -1
1.31255 -1
2.28451 -1
1.23422 -1
2.05183 -1
1.56019 -1
1.01666 -1
1.68995 -1
1.18034 -1
1.62909 -1
3.13679 -1
4.23439 -1
1.06924 -1
1.6277 -1
2.86664 -1
1.69496 -1
1.85633 -1
3.60695 -1
3.08176 -1
1.65055 -1
3.15132 -1
3.56016 -1
3.4827 -1
3.55248 -1
3.60914 -1
2.74652 -1
4.26234 -1
3.59148 -1
2.58064 -1
1.84253 -1
1.559 -1
1.9511 -1
2.216 -1
2.64411 -1
2.31636 -1
3.29844 -1
3.49842 -1
1.65029 -1
2.84524 -1
2.02794 -1
2.81968 -1
1.36178 -1
4.15405 -1
4.42384 -1
2.80017 -1
1.01941 -1
1.45735 -1
1.93413 -1
2.09859 -1
1.2086 -1
1.76916 -1
2.68336 -1
3.22068 -1
2.96598 -1
1.00611 -1
3.42285 -1
4.99048 -1
3.33579 -1
1.02099 -1
2.35718 -1
3.30288 -1
3.21428 -1
1.5877 -1
2.90711 -1
3.14421 -1
2.67323 -1
2.02905 -1
3.88348 -1
1.94296 -1
1.0199 -1
1.54435 -1
1.29997 -1
3.60122 -1
2.3162 -1
2.75423 -1
1.52122 -1
1.05726 -1
1.92665 -1
2.83175 -1
0.986436 -1
1.40332 -1
1.78034 -1
1.76432 -1
1.88742 -1
2.88015 -1
0.985201 -1
2.25558 -1
2.35613 -1
1.41184 -1
2.01278 -1
1.06575 -1
1.60278 -1
1.64171 -1
1.63094 -1
1.73718 -1
2.43736 -1
2.19991 -1
1.93547 -1
2.04174 -1
3.76387 -1
3.07469 -1
2.96925 -1
2.53794 -1
3.92032 -1
3.88063 -1
4.35867 -1
4.07395 -1
3.72669 -1
2.01658 -1
2.58978 -1
2.20441 -1
2.02535 -1
3.06385 -1
2.63833 -1
3.90952 -1
3.4989 -1
3.04845 -1
2.29606 -1
3.35465 -1
1.95752 -1
2.75053 -1
1.10907 -1
2.6046 -1
3.08191 -1
4.44914 -1
1.71249 -1
2.26364 -1
3.411 -1
2.28655 -1
2.73225 -1
3.59951 -1
2.42049 -1
2.51073 -1
2.48594 -1
3.66452 -1
1.74693 -1
3.50132 -1
0.994549 -1
4.35786 -1
1.01232 -1
2.06851 -1
2.66149 -1
3.62057 -1
3.76709 -1
3.29764 -1
2.67343 -1
1.00408 -1
1.12266 -1
0.990559 -1
3.033 -1
2.93734 -1
2.54549 -1
2.28936 -1
3.51026 -1
1.99918 -1
1.19558 -1
1.00071 -1
2.73588 -1
3.6603 -1
4.01743 -1
1.84862 -1
3.40846 -1
2.5398 -1
2.28578 -1
1.62815 -1
1.68338 -1
1.66936 -1
1.54286 -1
1.10344 -1
1.23373 -1
2.46346 -1
1.99435 -1
2.46912 -1
2.46425 -1
1.68972 -1
1.89024 -1
2.83668 -1
2.20046 -1
4.0412 -1
2.40195 -1
3.90275 -1
1.02095 -1
3.31969 -1
2.07234 -1
1.21916 -1
3.01994 -1
1.12792 -1
1.1387 -1
2.33613 -1
3.72528 -1
1.68361 -1
2.08853 -1
3.79521 -1
1.80495 -1
3.24088 -1
2.6821 -1
2.43574 -1
1.40501 -1
1.53801 -1
2.52614 -1
3.27144 -1
2.78951 -1
1.42614 -1
2.24776 -1
1.75608 -1
2.15316 -1
3.45133 -1
1.17436 -1
2.0928 -1
1.82145 -1
1.80545 -1
1.4075 -1
0.989693 -1
2.50844 -1
2.05136 -1
1.02158 -1
2.05179 -1
1.68356 -1
1.89792 -1
1.39778 -1
1.89543 -1
1.15424 -1
2.77001 -1
2.29587 -1
3.16127 -1
2.09217 -1
3.79499 -1
3.38282 -1
1.35495 -1
1.15771 -1
3.17028 -1
2.15012 -1
2.63224 -1
1.94099 -1
2.64825 -1
2.01499 -1
2.04048 -1
1.06 -1
1.03521 -1
3.0845 -1
2.82787 -1
4.40044 -1
2.57476 -1
1.94879 -1
1.88652 -1
1.42222 -1
3.25416 -1
2.7544 -1
1.89157 -1
3.17322 -1
2.31342 -1
2.90095 -1
1.57954 -1
1.10355 -1
1.74205 -1
1.89277 -1
2.20575 -1
1.87393 -1
2.30838 -1
1.6541 -1
1.75012 -1
2.01835 -1
2.1369 -1
1.16764 -1
2.08524 -1
2.8096 -1
1.99926 -1
1.52522 -1
2.15148 -1
1.15398 -1
2.71763 -1
1.98939 -1
2.36106 -1
2.22948 -1
2.2013 -1
2.16717 -1
2.36922 -1
2.66181 -1
4.79987 -1
2.55603 -1
1.44554 -1
0.993821 -1
1.84488 -1
2.46286 -1
2.11486 -1
2.76526 -1
0.980442 -1
1.36971 -1
3.22303 -1
2.47314 -1
2.10497 -1
2.19157 -1
1.85126 -1
1.98537 -1
1.74727 -1
2.2107 -1
2.42613 -1
2.34108 -1
1.68045 -1
2.12266 -1
3.55694 -1
2.64907 -1
1.47796 -1
1.5744 -1
3.12196 -1
2.64175 -1
1.63191 -1
2.79475 -1
2.89124 -1
2.12809 -1
1.55039 -1
2.11546 -1
1.22947 -1
1.61905 -1
1.81025 -1
1.00329 -1
3.33568 -1
3.38643 -1
2.12717 -1
0.988057 -1
2.05345 -1
1.59624 -1
0.997214 -1
3.0932 -1
3.18081 -1
4.67878 -1
2.2554 -1
3.1201 -1
2.40921 -1
2.08504 -1
2.31139 -1
1.83631 -1
2.05143 -1
2.3225 -1
2.46905 -1
3.17758 -1
1.71204 -1
2.20651 -1
2.0652 -1
2.24985 -1
2.09296 -1
0.999675 -1
1.96806 -1
1.91376 -1
2.12376 -1
2.21452 -1
1.67879 -1
2.34597 -1
2.64192 -1
2.45434 -1
2.93112 -1
1.76321 -1
1.6955 -1
1.61786 -1
2.67447 -1
1.89904 -1
3.1367 -1
2.36486 -1
2.02314 -1
2.5531 -1
3.25563 -1
1.8732 -1
1.99088 -1
3.0472 -1
2.2303 -1
2.45726 -1
1.24928 -1
1.95799 -1
2.05267 -1
2.50703 -1
1.97249 -1
2.50593 -1
2.54363 -1
3.1344 -1
3.28502 -1
2.55294 -1
3.25143 -1
1.59739 -1
2.17996 -1
2.22528 -1
1.65392 -1
2.35339 -1
1.73348 -1
1.67077 -1
1.92504 -1
1.98659 -1
3.29052 -1
2.10857 -1
0.994937 -1
1.07854 -1
2.22237 -1
0.983069 -1
2.75569 -1
2.66043 -1
2.99705 -1
1.55861 -1
2.30258 -1
1.49505 -1
1.01645 -1
2.67236 -1
0.987393 -1
1.30262 -1
1.699 -1
2.38046 -1
1.01032 -1
1.21065 -1
1.01049 -1
1.04346 -1
2.10178 -1
1.21503 -1
2.97894 -1
0.996095 -1
1.42779 -1
2.0889 -1
1.60785 -1
2.26913 -1
3.18516 -1
3.54205 -1
0.998825 -1
1.88741 -1
1.01736 -1
2.01861 -1
1.34328 -1
1.01414 -1
1.99382 -1
2.58705 -1
2.36027 -1
2.61723 -1
1.97965 -1
1.54088 -1
2.27278 -1
1.01288 -1
1.01483 -1
2.01589 -1
1.4727 -1
1.76898 -1
3.74534 -1
2.90906 -1
1.54359 -1
2.87267 -1
2.1504 -1
1.35037 -1
1.99272 -1
2.20519 -1
2.02483 -1
2.37339 -1
2.2336 -1
0.999026 -1
0.998219 -1
1.67297 -1
1.3191 -1
2.28075 -1
2.00134 -1
1.55515 -1
1.61237 -1
1.72718 -1
2.91035 -1
3.68535 -1
2.92696 -1
2.73212 -1
2.12867 -1
2.3437 -1
2.32074 -1
1.85469 -1
2.06922 -1
2.65137 -1
1.98498 -1
2.60827 -1
1.45116 -1
2.30976 -1
2.37879 -1
2.15412 -1
1.89944 -1
1.03317 -1
0.99523 -1
1.85469 -1
1.52476 -1
2.55558 -1
2.14506 -1
2.01658 -1
2.30947 -1
2.21635 -1
2.05975 -1
1.02166 -1
1.62236 -1
3.04091 -1
2.1001 -1
2.53518 -1
1.56538 -1
2.49394 -1
1.58427 -1
1.87274 -1
1.33884 -1
1.93678 -1
1.14085 -1
1.56078 -1
2.42343 -1
2.02521 -1
2.23906 -1
3.21775 -1
1.4177 -1
2.10152 -1
1.47645 -1
1.37257 -1
1.0107 -1
3.11153 -1
3.25083 -1
2.24959 -1
1.98079 -1
2.28931 -1
1.52316 -1
2.1074 -1
1.17678 -1
2.40103 -1
2.11211 -1
3.5738 -1
1.73375 -1
2.1151 -1
3.09592 -1
2.30766 -1
1.94824 -1
1.60744 -1
1.93777 -1
3.114 -1
1.54905 -1
2.4816 -1
2.56768 -1
1.00364 -1
3.5824 -1
1.81919 -1
1.88107 -1
3.32171 -1
1.46288 -1
2.1568 -1
1.17494 -1
0.998062 -1
2.42872 -1
1.95239 -1
1.04777 -1
2.17762 -1
2.31926 -1
1.24711 -1
1.60545 -1
1.2679 -1
1.96541 -1
1.34269 -1
1.93188 -1
1.91473 -1
2.24678 -1
2.53878 -1
2.09572 -1
1.56025 -1
2.03684 -1
1.2617 -1
2.65808 -1
3.17988 -1
2.17426 -1
1.6265 -1
2.03272 -1
1.02784 -1
0.997738 -1
1.71336 -1
2.62827 -1
2.24327 -1
1.80266 -1
2.13366 -1
1.93946 -1
2.81857 -1
1.81954 -1
2.41472 -1
1.57694 -1
1.23881 -1
2.57679 -1
1.86328 -1
1.54484 -1
2.57645 -1
2.11836 -1
1.38734 -1
1.37498 -1
1.89402 -1
1.72767 -1
1.99965 -1
2.76973 -1
2.26513 -1
3.0624 -1
2.00156 -1
2.25337 -1
2.62722 -1
1.66507 -1
1.88744 -1
2.55083 -1
1.27227 -1
1.41746 -1
2.53035 -1
1.01405 -1
1.12165 -1
1.86494 -1
1.55195 -1
1.33242 -1
2.56745 -1
1.64174 -1
2.10219 -1
2.99377 -1
1.69249 -1
1.73902 -1
2.44411 -1
2.52746 -1
1.64458 -1
2.51226 -1
1.14083 -1
1.81743 -1
1.53075 -1
0.984102 -1
2.41164 -1
2.37094 -1
2.28896 -1
2.33366 -1
1.5468 -1
1.66216 -1
1.24537 -1
2.15464 -1
1.51915 -1
1.32947 -1
2.30847 -1
1.61629 -1
1.79188 -1
1.80599 -1
1.67919 -1
1.61484 -1
1.99152 -1
2.66296 -1
1.38127 -1
2.44014 -1
2.40304 -1
1.4619 -1
2.28483 -1
2.00532 -1
1.94963 -1
2.15304 -1
1.90562 -1
1.2864 -1
1.65358 -1
2.45515 -1
1.11761 -1
1.50651 -1
2.60007 -1
1.8882 -1
1.85885 -1
2.01619 -1
1.68592 -1
1.82348 -1
1.92272 -1
1.12862 -1
1.76932 -1
1.80895 -1
2.10827 -1
1.62678 -1
2.60945 -1
1.87384 -1
1.64652 -1
1.57443 -1
2.03437 -1
1.7105 -1
1.88587 -1
2.01769 -1
1.85749 -1
1.63694 -1
1.83651 -1
2.47018 -1
3.13935 -1
2.01553 -1
1.92729 -1
1.8824 -1
3.2377 -1
3.68809 -1
2.36503 -1
0.989906 -1
2.20855 -1
1.40743 -1
1.83639 -1
1.39736 -1
2.00034 -1
1.84293 -1
1.96031 -1
2.32863 -1
2.3553 -1
2.6566 -1
2.4216 -1
1.90027 -1
1.78876 -1
1.38924 -1
2.34407 -1
2.1842 -1
2.37349 -1
2.46094 -1
1.00578 -1
1.89949 -1
1.23732 -1
2.17592 -1
2.16811 -1
1.94165 -1
1.86884 -1
1.71998 -1
2.77461 -1
1.83984 -1
2.22888 -1
1.67685 -1
2.15159 -1
1.64682 -1
2.19128 -1
2.57362 -1
1.45587 -1
2.31907 -1
2.13937 -1
3.05646 -1
2.03727 -1
1.56836 -1
1.58539 -1
2.71642 -1
1.8417 -1
2.56895 -1
1.07512 -1
2.72285 -1
1.73275 -1
2.45218 -1
0.993314 -1
0.998685 -1
1.87108 -1
1.9194 -1
0.99372 -1
1.22302 -1
2.18928 -1
2.25163 -1
1.42652 -1
2.2488 -1
1.38992 -1
2.65329 -1
2.43466 -1
2.90729 -1
1.02128 -1
2.51105 -1
2.5765 -1
2.26265 -1
1.65277 -1
2.31395 -1
1.30742 -1
1.01818 -1
2.09749 -1
1.65526 -1
1.78894 -1
2.2759 -1
1.61149 -1
0.992858 -1
2.47727 -1
1.67921 -1
2.5261 -1
1.14669 -1
2.8148 -1
1.00644 -1
1.68008 -1
1.07958 -1
2.68325 -1
2.16749 -1
1.38482 -1
2.23487 -1
2.50615 -1
3.39959 -1
1.19152 -1
1.66902 -1
2.3681 -1
2.16299 -1
1.89787 -1
2.67946 -1
2.46373 -1
1.86192 -1
2.69372 -1
3.02271 -1
2.79263 -1
1.82188 -1
2.14451 -1
2.28156 -1
1.80657 -1
2.52243 -1
1.75473 -1
2.56604 -1
0.99634 -1
3.31274 -1
1.00387 -1
0.986386 -1
1.26361 -1
1.77436 -1
1.00058 -1
2.26883 -1
1.14157 -1
1.52499 -1
1.71759 -1
1.42735 -1
1.88493 -1
1.51657 -1
1.30882 -1
2.34894 -1
2.40281 -1
1.87437 -1
1.57895 -1
2.03254 -1
1.70541 -1
1.17466 -1
2.06407 -1
2.52544 -1
2.45457 -1
1.94732 -1
2.48951 -1
2.79618 -1
1.33097 -1
1.37943 -1
1.50404 -1
2.08123 -1
2.57896 -1
1.39488 -1
2.33658 -1
1.96753 -1
0.986763 -1
2.63697 -1
2.62757 -1
0.983868 -1
1.77398 -1
2.59826 -1
1.72684 -1
1.5226 -1
1.34123 -1
2.179 -1
2.21793 -1
1.96454 -1
2.45063 -1
1.88745 -1
1.64156 -1
2.04554 -1
1.94797 -1
1.77732 -1
1.80152 -1
1.03439 -1
3.24706 -1
1.88271 -1
1.60276 -1
1.13224 -1
1.44593 -1
1.03278 -1
2.43773 -1
2.0044 -1
1.20618 -1
1.63129 -1
3.2154 -1
1.89448 -1
1.39981 -1
1.24707 -1
2.14014 -1
1.9494 -1
1.54717 -1
0.984828 -1
1.81235 -1
2.03738 -1
1.67782 -1
1.64684 -1
2.26731 -1
1.61578 -1
1.94528 -1
1.97506 -1
1.80797 -1
2.97149 -1
2.63278 -1
1.75674 -1
2.76565 -1
2.59881 -1
1.55205 -1
3.14407 -1
3.66762 -1
4.14238 -1
4.83198 -1
3.06186 -1
2.92171 -1
1.30533 -1
2.74236 -1
2.13718 -1
1.48518 -1
0.992097 -1
1.64777 -1
1.54477 -1
3.19405 -1
2.05545 -1
2.9779 -1
2.26909 -1
4.35615 -1
2.91487 -1
1.62169 -1
2.16865 -1
2.0882 -1
2.44822 -1
4.8138 -1
3.17866 -1
3.35707 -1
2.51981 -1
2.98609 -1
1.64979 -1
3.83241 -1
3.31426 -1
2.60339 -1
3.43937 -1
3.78517 -1
3.86001 -1
2.93544 -1
1.45789 -1
2.34184 -1
0.990057 -1
1.653 -1
4.1809 -1
2.59598 -1
1.15401 -1
2.63031 -1
1.39544 -1
4.09922 -1
2.46644 -1
2.25763 -1
2.22155 -1
2.92938 -1
3.16479 -1
3.00812 -1
0.992133 -1
1.93937 -1
1.34442 -1
1.00789 -1
1.77074 -1
1.08844 -1
1.64155 -1
2.33838 -1
1.53383 -1
1.61599 -1
2.57149 -1
2.4956 -1
2.51779 -1
2.12716 -1
2.12089 -1
1.03617 -1
2.50708 -1
3.35884 -1
2.38111 -1
2.51041 -1
1.38123 -1
1.59897 -1
2.89974 -1
3.22053 -1
2.49434 -1
2.0464 -1
1.50594 -1
0.992196 -1
1.89639 -1
2.72931 -1
3.09477 -1
1.09433 -1
1.70977 -1
3.28217 -1
2.23618 -1
1.92553 -1
2.02818 -1
1.61588 -1
1.23738 -1
1.44027 -1
0.993565 -1
1.75085 -1
1.74909 -1
1.56133 -1
1.52771 -1
1.42261 -1
1.05623 -1
1.16144 -1
3.16601 -1
1.44737 -1
0.98815 -1
3.793 -1
0.983649 -1
2.44485 -1
3.53143 -1
2.00378 -1
1.78087 -1
3.61686 -1
2.30959 -1
1.97974 -1
3.72232 -1
3.94079 -1
1.60899 -1
1.16588 -1
2.42736 -1
3.55354 -1
0.986902 -1
1.01321 -1
1.75409 -1
3.07027 -1
1.50719 -1
1.96699 -1
2.09288 -1
2.97122 -1
2.20153 -1
2.33516 -1
2.80601 -1
3.42198 -1
2.43496 -1
1.86636 -1
2.60735 -1
2.02142 -1
1.28672 -1
1.61943 -1
3.61912 -1
1.10118 -1
1.77923 -1
1.60719 -1
1.62149 -1
2.1351 -1
1.70443 -1
1.81583 -1
2.77196 -1
2.467 -1
2.16607 -1
2.34853 -1
0.985245 -1
2.27164 -1
3.83502 -1
2.58854 -1
2.97435 -1
2.54401 -1
1.31635 -1
2.92446 -1
0.994599 -1
2.37386 -1
1.58241 -1
2.13986 -1
1.81909 -1
1.675 -1
2.5583 -1
1.92747 -1
1.07911 -1
1.83092 -1
2.70271 -1
1.36695 -1
3.26205 -1
2.0477 -1
4.33197 -1
2.49001 -1
1.95699 -1
2.76612 -1
1.55307 -1
1.15605 -1
2.02323 -1
2.72607 -1
1.86219 -1
2.03752 -1
3.19818 -1
1.20748 -1
1.12773 -1
2.77178 -1
2.69805 -1
2.04735 -1
1.7861 -1
2.63848 -1
2.50595 -1
2.08415 -1
1.22965 -1
1.97279 -1
2.01941 -1
1.01273 -1
3.26493 -1
1.90251 -1
1.43622 -1
2.4011 -1
4.00998 -1
2.31879 -1
2.39174 -1
3.07664 -1
2.46422 -1
1.67565 -1
1.42166 -1
1.68511 -1
2.29957 -1
1.74017 -1
1.50273 -1
2.68195 -1
1.90473 -1
1.6269 -1
1.25464 -1
2.1279 -1
0.977732 -1
1.0428 -1
2.30441 -1
2.10976 -1
1.35015 -1
1.82854 -1
0.984348 -1
1.7622 -1
1.77852 -1
1.10568 -1
1.01941 -1
2.03551 -1
1.89132 -1
5.12686 -1
1.932 -1
2.71108 -1
2.12795 -1
1.91171 -1
1.4695 -1
1.28037 -1
1.77358 -1
2.06811 -1
2.19288 -1
2.00201 -1
2.08111 -1
1.67211 -1
1.56976 -1
1.66607 -1
2.04121 -1
1.60794 -1
1.93117 -1
1.58726 -1
4.26758 -1
1.04736 -1
1.80696 -1
2.28158 -1
2.83967 -1
4.54602 -1
2.32916 -1
1.72753 -1
1.35222 -1
1.41196 -1
1.90511 -1
0.9889 -1
2.15223 -1
1.87773 -1
2.04826 -1
2.06634 -1
1.53872 -1
1.32566 -1
2.25785 -1
2.12237 -1
1.36459 -1
2.07892 -1
1.20154 -1
1.41601 -1
2.48244 -1
1.31985 -1
1.24376 -1
1.45939 -1
1.26898 -1
1.95496 -1
2.04093 -1
1.49103 -1
1.81246 -1
1.88219 -1
1.54345 -1
2.63029 -1
2.30017 -1
2.17009 -1
3.19417 -1
2.85826 -1
1.79862 -1
2.78365 -1
2.61077 -1
2.46107 -1
1.70953 -1
1.60829 -1
2.26524 -1
2.46801 -1
2.93159 -1
1.17434 -1
3.14709 -1
2.06942 -1
2.13073 -1
2.08793 -1
1.9127 -1
3.52056 -1
1.8415 -1
1.66831 -1
1.78879 -1
1.45933 -1
2.22157 -1
1.3116 -1
2.84763 -1
1.63839 -1
3.25449 -1
2.02825 -1
3.02368 -1
