4500 2
-0.244069 1
1.51081 -1
0.163852 -1
0.252985 -1
0.480231 -1
0.147249 -1
-0.516159 1
-0.613539 1
-0.0470866 1
0.624024 -1
0.577248 -1
0.323942 -1
0.192257 -1
0.553329 -1
0.26626 -1
0.549141 -1
0.717175 -1
0.736977 -1
0.788161 -1
0.20088 -1
0.844515 -1
0.103645 -1
0.446642 -1
0.337575 -1
0.425218 -1
0.698101 -1
-0.175107 1
-0.548366 1
0.563024 -1
0.67581 -1
0.720433 -1
-0.208267 1
0.920888 -1
0.38863 -1
0.329021 -1
0.921465 -1
-0.105011 1
-0.566759 1
-0.295876 1
0.0940429 -1
0.738081 -1
0.164445 -1
0.0430119 -1
0.28773 -1
0.10032 -1
0.0159726 -1
0.635924 -1
-0.0368402 1
0.291647 -1
0.982435 -1
-0.165969 1
0.533615 -1
0.169492 -1
-0.263461 1
-0.432509 1
-0.209657 1
-0.135578 1
-0.0863561 1
0.0179106 -1
-0.229947 1
0.0699507 -1
0.0599813 -1
0.381006 -1
0.766047 -1
-0.131794 1
0.089257 -1
-0.0818354 1
0.376879 -1
-0.0755253 1
0.386017 -1
-0.503622 1
0.25273 -1
-0.055691 1
-0.113228 1
0.743422 -1
0.701076 -1
0.130554 -1
0.381308 -1
0.189189 -1
-0.208645 1
-0.0423781 1
0.512879 -1
-0.149375 1
0.426756 -1
-0.403416 1
0.0553727 -1
0.17421 -1
-0.262482 1
-0.384559 1
-0.221243 1
-0.36607 1
0.826451 -1
-0.157485 1
0.597378 -1
-0.212102 1
0.0430482 -1
-0.119448 1
0.186669 -1
0.204645 -1
-0.567698 1
-0.0782663 1
-0.344515 1
-0.4898 1
0.323025 -1
-0.0336479 1
-0.156112 1
0.22663 -1
-0.193771 1
-0.486113 1
0.0969407 -1
-0.318171 1
0.127844 -1
-0.325168 1
-0.105971 1
0.585918 -1
-0.306574 1
0.335284 -1
-0.168589 1
-0.152772 1
0.125492 -1
0.22419 -1
0.0635212 -1
-0.216053 1
0.283565 -1
0.499348 -1
0.0919904 -1
-0.175832 1
0.0722714 -1
0.454745 -1
0.323278 -1
0.395436 -1
0.574788 -1
0.322847 -1
-0.188171 1
0.0637325 -1
0.354709 -1
0.245477 -1
0.335479 -1
0.0150274 -1
0.270902 -1
0.410368 -1
0.343301 -1
-0.229253 1
0.317474 -1
-0.11522 1
-0.479582 1
-0.0681021 1
0.0764652 -1
0.582989 -1
-0.105633 1
0.211717 -1
0.45137 -1
-0.0537571 1
0.132623 -1
-0.161294 1
0.00335 -1
0.814384 -1
-0.187286 1
0.0640698 -1
-0.199868 1
0.675248 -1
0.0337764 -1
0.102929 -1
-0.272482 1
0.184036 -1
0.259155 -1
0.936457 -1
-0.134997 1
0.47006 -1
0.178896 -1
-0.52102 1
-0.135328 1
0.280844 -1
-0.375669 1
-0.432305 1
0.336733 -1
0.0611938 -1
0.365266 -1
-0.192909 1
-0.0571612 1
0.326796 -1
0.270263 -1
-0.145452 1
-0.173958 1
0.187539 -1
-0.0846998 1
0.197425 -1
0.303825 -1
0.705072 -1
0.311862 -1
0.399424 -1
0.107252 -1
-0.429164 1
-0.078098 1
0.376223 -1
-0.230486 1
-0.324825 1
-0.172959 1
0.197733 -1
-0.164397 1
-0.0698478 1
-0.0305971 1
-0.465351 1
0.752947 -1
0.0667178 -1
-0.0677054 1
0.63902 -1
-0.380167 1
-0.0711429 1
-0.253838 1
-0.10297 1
0.671976 -1
0.421697 -1
-0.399669 1
0.435278 -1
-0.110539 1
-0.0685987 1
-0.603433 1
-0.443936 1
-0.353848 1
-0.565926 1
0.197162 -1
-0.734785 1
0.645644 -1
-0.469497 1
0.769711 -1
-0.331696 1
-0.22769 1
0.568607 -1
0.189697 -1
0.190145 -1
0.421798 -1
-0.384589 1
0.364016 -1
-0.194051 1
0.190819 -1
0.905348 -1
-0.511354 1
-0.098908 1
0.564006 -1
0.410697 -1
-0.560466 1
0.168622 -1
0.0309511 -1
0.690898 -1
0.332689 -1
0.273661 -1
0.530779 -1
0.0740049 -1
0.0265359 -1
0.333335 -1
-0.0833192 1
-0.620531 1
-0.167617 1
0.299639 -1
-0.564936 1
-0.600567 1
0.305774 -1
-0.110211 1
-0.426072 1
0.249875 -1
0.0289762 -1
-0.471639 1
0.375513 -1
0.175844 -1
0.0217308 -1
0.15801 -1
0.310318 -1
0.450602 -1
0.291633 -1
-0.0454439 1
0.121632 -1
-0.202727 1
-0.0358077 1
-0.163553 1
0.508229 -1
-0.277196 1
-0.574848 1
0.0260196 -1
-0.44109 1
-0.022214 1
-0.433573 1
0.199863 -1
0.176144 -1
-0.566124 1
-0.0294489 1
0.0433057 -1
-0.00384953 1
0.267151 -1
-0.0203877 1
-0.0440674 1
-0.139678 1
0.329406 -1
-0.538479 1
-0.300624 1
-0.652121 1
-0.0782452 1
0.033043 -1
-0.177383 1
-0.604862 1
-0.0305813 1
0.21364 -1
-0.119536 1
-0.898686 1
-0.501421 1
-0.0551262 1
-0.237056 1
-0.24744 1
0.494254 -1
0.470285 -1
-0.208461 1
-0.124506 1
-0.446555 1
-0.160344 1
-0.156036 1
0.128099 -1
0.115398 -1
-0.00500466 1
-0.367395 1
-0.318182 1
-0.559758 1
0.0654764 -1
-0.0745027 1
-0.240505 1
-0.307722 1
0.0913391 -1
0.0325893 -1
0.202374 -1
0.812302 -1
0.89574 -1
-0.0976913 1
0.0124175 -1
0.0396393 -1
-0.871193 1
0.717906 -1
0.338634 -1
-0.0110058 1
0.157807 -1
0.0510872 -1
0.12472 -1
0.477401 -1
0.805511 -1
-0.169745 1
0.346091 -1
0.42563 -1
0.228783 -1
0.701547 -1
0.569802 -1
-0.113517 1
0.304042 -1
0.0431865 -1
0.321322 -1
-0.10082 1
0.341809 -1
-0.293085 1
0.25798 -1
-0.218151 1
0.0624542 -1
0.173012 -1
-0.112892 1
-0.0148618 1
0.280277 -1
0.00959752 -1
0.457941 -1
-0.105172 1
0.31092 -1
-0.159757 1
-0.765455 1
-0.123911 1
-0.604041 1
-0.189726 1
-0.624722 1
-0.497783 1
-0.232809 1
-0.396164 1
-0.683105 1
0.0810154 -1
-0.894897 1
-0.437606 1
0.0714003 -1
-0.0356831 1
-0.344463 1
0.347931 -1
0.0351494 -1
0.040002 -1
0.633376 -1
-0.32136 1
-0.031145 1
0.580266 -1
-0.12041 1
0.33882 -1
0.462976 -1
0.363812 -1
0.179258 -1
-0.105518 1
0.290201 -1
0.417421 -1
-0.576567 1
-0.47452 1
-0.556807 1
-0.294309 1
-0.071892 1
-0.441155 1
-0.571133 1
-0.069461 1
-0.663514 1
0.164406 -1
-0.426647 1
-0.4581 1
0.258558 -1
0.185216 -1
0.0374603 -1
-0.0912676 1
-0.252231 1
0.402181 -1
-0.23538 1
0.608359 -1
0.056741 -1
-0.198071 1
0.535753 -1
-0.247318 1
-0.11295 1
-0.859735 1
-0.377523 1
0.0874227 -1
-0.0662474 1
0.0789737 -1
-0.0171018 1
0.438698 -1
-0.340487 1
-0.280198 1
-0.418564 1
0.0252051 -1
-0.0803389 1
-0.195761 1
0.192235 -1
-0.0543881 1
-0.604891 1
-0.263418 1
-0.569149 1
-0.625006 1
-0.927903 1
-0.409379 1
-0.39193 1
0.0127528 -1
-1.25682 1
0.311094 -1
-0.119834 1
-0.404893 1
-0.382651 1
-0.465831 1
-0.331013 1
-0.154834 1
-0.211566 1
-0.321258 1
-0.153003 1
0.241908 -1
-0.0940539 1
-0.342817 1
0.239358 -1
0.341729 -1
0.162187 -1
0.26013 -1
-0.660315 1
0.185447 -1
0.34755 -1
0.302053 -1
-0.0231253 1
-0.753609 1
-0.558977 1
-0.31262 1
-0.0795118 1
-0.318858 1
-0.19567 1
-0.0883327 1
-0.260791 1
-0.481615 1
0.392222 -1
0.103541 -1
-0.126522 1
-0.466553 1
0.105619 -1
-0.0262033 1
-0.0777035 1
0.0133719 -1
-0.17813 1
0.424119 -1
-0.473421 1
0.241556 -1
0.131234 -1
0.441448 -1
0.0716245 -1
-0.109772 1
-0.22057 1
0.335266 -1
-0.371711 1
0.0882905 -1
-0.00601639 1
-0.242977 1
0.649029 -1
1.08956 -1
1.40449 -1
1.35175 -1
1.23409 -1
1.63385 -1
1.32157 -1
1.56867 -1
1.51092 -1
1.34598 -1
1.25983 -1
1.18943 -1
1.30859 -1
0.752642 -1
0.939617 -1
0.6875 -1
1.36769 -1
1.05626 -1
0.939206 -1
1.21196 -1
0.41641 -1
1.24853 -1
1.53272 -1
1.24263 -1
1.25813 -1
0.920309 -1
0.731321 -1
0.965031 -1
1.10925 -1
0.947733 -1
1.12844 -1
1.86395 -1
1.14955 -1
1.28685 -1
1.34923 -1
1.27877 -1
1.27457 -1
1.54537 -1
1.49609 -1
1.42296 -1
1.26618 -1
1.39154 -1
1.28586 -1
1.55945 -1
1.31067 -1
1.21444 -1
1.51627 -1
1.32032 -1
1.69407 -1
1.17491 -1
1.39403 -1
1.14835 -1
1.90336 -1
1.58344 -1
1.30462 -1
1.57652 -1
1.32867 -1
1.27459 -1
1.1522 -1
1.50599 -1
1.38817 -1
1.1833 -1
1.19064 -1
1.63725 -1
0.945407 -1
1.39131 -1
0.949239 -1
1.09871 -1
1.32663 -1
1.34869 -1
1.77895 -1
0.978773 -1
0.986796 -1
0.816609 -1
0.357299 -1
1.47522 -1
1 -1
1.03338 -1
1.38145 -1
1.33606 -1
1.86972 -1
1.3609 -1
1.56332 -1
1.36886 -1
0.5641 -1
1.12898 -1
0.891651 -1
1.37767 -1
1.26632 -1
1.19502 -1
0.810264 -1
1.48573 -1
1.45801 -1
1.37955 -1
1.28879 -1
1.27209 -1
1.44392 -1
1.24563 -1
1.49701 -1
1.56726 -1
1.47044 -1
1.27075 -1
1.44227 -1
0.710178 -1
1.20386 -1
1.16181 -1
1.24762 -1
1.6119 -1
1 -1
1.52156 -1
1.31302 -1
0.614836 -1
1.45701 -1
1.29208 -1
1.30968 -1
1.67119 -1
1.5557 -1
1.06188 -1
0.658738 -1
1.71198 -1
1.25735 -1
1.50532 -1
1.24713 -1
1.04013 -1
0.885675 -1
1.06134 -1
1.53069 -1
1.38985 -1
1.72657 -1
1.31895 -1
1.59677 -1
1.32856 -1
1.18352 -1
1.09304 -1
1.26081 -1
1.44575 -1
0.933458 -1
1.20882 -1
1.03987 -1
1.36685 -1
1.50741 -1
1.31788 -1
1.12224 -1
1.37163 -1
1.31288 -1
1.06309 -1
1.16613 -1
1.51717 -1
1.35194 -1
1.25196 -1
1.12295 -1
1.19483 -1
1.41819 -1
1.7593 -1
1.23378 -1
1.16818 -1
1.48908 -1
1.43269 -1
1.34634 -1
0.901972 -1
1.41646 -1
1.08298 -1
1.58511 -1
1 -1
1.47708 -1
1.49746 -1
1.96931 -1
1.84295 -1
1.10551 -1
1.52246 -1
1.70626 -1
1.50897 -1
1.76816 -1
1.12208 -1
1.47979 -1
1.01493 -1
0.865923 -1
1.22993 -1
0.857579 -1
0.86867 -1
1.54015 -1
1.04007 -1
1 -1
1.13021 -1
1.34061 -1
1.1435 -1
1 -1
1.4461 -1
1.12212 -1
1.87431 -1
1.59015 -1
0.282971 -1
1.57697 -1
1.37669 -1
1.41998 -1
1.41587 -1
1.41173 -1
1.21864 -1
1.43088 -1
0.720692 -1
1.26405 -1
1.31974 -1
1.0884 -1
0.720606 -1
1.53897 -1
1.38552 -1
0.726622 -1
1.73004 -1
1.42519 -1
0.969753 -1
0.936204 -1
1.56376 -1
1.21693 -1
1.30954 -1
1.49864 -1
1.25874 -1
1.18351 -1
1.51653 -1
0.861708 -1
1.18893 -1
1.076 -1
1.63355 -1
1.51647 -1
1.00225 -1
1.7029 -1
2.05035 -1
0.860368 -1
1.06878 -1
1.68519 -1
1.79967 -1
1.45409 -1
1.44956 -1
1.22683 -1
1 -1
1.0564 -1
1.23489 -1
1.05451 -1
1.45408 -1
1.22171 -1
0.88962 -1
1.21458 -1
1.48502 -1
1.53175 -1
1.26455 -1
1.19737 -1
1.22982 -1
1.64896 -1
1.63051 -1
1.58238 -1
1.0694 -1
1.81604 -1
1.1575 -1
1.80745 -1
0.846189 -1
1.36177 -1
1.23692 -1
1.14782 -1
1.30655 -1
1.21976 -1
1.77542 -1
1.11818 -1
1.50464 -1
1.07598 -1
1.2082 -1
1.74424 -1
1.13502 -1
1.49467 -1
1.03559 -1
1.57745 -1
1.36792 -1
1.46762 -1
1.49604 -1
1.4212 -1
1.33791 -1
1.54787 -1
1.09346 -1
1.52798 -1
1.4883 -1
1.40682 -1
1.5651 -1
1.81249 -1
1.46899 -1
1.37386 -1
1.33367 -1
1.34304 -1
1.24539 -1
1.23055 -1
1.37469 -1
1.11045 -1
1.23947 -1
1.68752 -1
1.47473 -1
1.06416 -1
1.40395 -1
2.07026 -1
1.16576 -1
1.31186 -1
1.7969 -1
1.49203 -1
0.945569 -1
1.00395 -1
1.02265 -1
1.003 -1
1.14997 -1
1.3302 -1
1.5394 -1
1.27602 -1
0.981693 -1
1.42395 -1
1.29866 -1
1.26756 -1
1.01182 -1
1.57849 -1
1.14137 -1
1.41938 -1
1.48343 -1
1.45091 -1
1.09023 -1
1.30877 -1
1.1603 -1
1.49875 -1
2.02648 -1
1.2689 -1
1.27437 -1
1.63767 -1
1.60928 -1
0.789333 -1
0.828927 -1
0.93684 -1
1.0926 -1
1.42733 -1
1.29628 -1
1.16174 -1
1.29541 -1
1.35107 -1
1.40373 -1
1.11923 -1
1.2487 -1
1.5844 -1
0.986269 -1
1.40669 -1
1.16555 -1
1.23037 -1
1.34002 -1
1.24165 -1
1.62421 -1
1.49522 -1
1.87034 -1
1.01837 -1
1.58941 -1
1.7392 -1
1.07086 -1
1.84203 -1
0.990463 -1
1.47231 -1
1.37107 -1
1.19683 -1
1.32006 -1
1.23657 -1
1.41656 -1
1.40247 -1
0.730246 -1
0.649223 -1
1.09475 -1
1.1834 -1
1.21292 -1
1.10229 -1
0.994159 -1
1.74379 -1
1.0258 -1
0.865386 -1
1.77901 -1
1.19979 -1
1.65461 -1
0.670152 -1
1.24507 -1
0.844755 -1
0.603944 -1
1.44969 -1
1.58923 -1
1.90421 -1
1.40357 -1
1.21761 -1
1.0575 -1
2.26721 -1
1.78275 -1
1.15175 -1
1.82663 -1
1.37246 -1
1.22782 -1
1.22887 -1
1.07592 -1
1.6758 -1
1.25546 -1
1.10608 -1
0.874118 -1
1.66041 -1
1.20742 -1
1.28835 -1
1.53176 -1
1.64945 -1
1.61897 -1
0.799478 -1
1.10263 -1
1.3077 -1
0.876122 -1
0.887278 -1
0.911729 -1
1.41514 -1
1.22532 -1
1.35965 -1
0.564875 -1
0.995097 -1
1.56985 -1
1.40527 -1
1.2559 -1
1.48008 -1
0.975494 -1
1.69201 -1
1.60437 -1
1.37477 -1
0.668516 -1
0.891979 -1
1.14065 -1
1.96709 -1
1.57303 -1
1.5314 -1
1.20854 -1
1.50978 -1
1.60618 -1
1.28438 -1
1.61354 -1
1.26723 -1
1.35444 -1
1.48199 -1
1.34301 -1
1.70128 -1
1.59121 -1
1.11562 -1
1.31282 -1
1.0807 -1
1.45112 -1
1.39214 -1
1.19228 -1
1.17571 -1
1.30022 -1
1.0707 -1
1.11147 -1
0.845695 -1
1.46214 -1
1.28029 -1
1.20735 -1
1.34727 -1
1.03537 -1
0.886672 -1
1.69514 -1
0.94516 -1
1.23712 -1
1.77756 -1
1.57237 -1
1.34874 -1
1.48462 -1
2.0096 -1
1.18291 -1
1.19508 -1
1.50556 -1
1.32616 -1
1.52819 -1
0.95647 -1
1.68163 -1
1.5775 -1
1.64028 -1
1.1889 -1
1.39063 -1
1.66957 -1
0.99249 -1
1.67359 -1
1.3981 -1
1.47183 -1
1.11911 -1
1.54179 -1
0.930347 -1
1.44333 -1
1.25455 -1
1.69917 -1
0.963378 -1
1 -1
1.38923 -1
1.54511 -1
1.85101 -1
1.96015 -1
1.63675 -1
1.19856 -1
1.25918 -1
1.48712 -1
1.03592 -1
1.03905 -1
1.13297 -1
1.36423 -1
0.74734 -1
1.02974 -1
1.27853 -1
1.29993 -1
0.731246 -1
1.30375 -1
1.62715 -1
1.73492 -1
1.25731 -1
1.55303 -1
1.09565 -1
1.03018 -1
1.08871 -1
1.1383 -1
1.16991 -1
1.5846 -1
1.30766 -1
1.55102 -1
1.74553 -1
1 -1
1.20604 -1
1.063 -1
1.04136 -1
1.42018 -1
1.3678 -1
0.978063 -1
1.49846 -1
1.13687 -1
1.23331 -1
1.32332 -1
1.18421 -1
1.47367 -1
1.06256 -1
1.32264 -1
1.27169 -1
1.62635 -1
1.07906 -1
0.924368 -1
1.10127 -1
1.44567 -1
1.01856 -1
0.995466 -1
1.23867 -1
1.4815 -1
1.09616 -1
0.913249 -1
1.16184 -1
1.48756 -1
0.89682 -1
1.24537 -1
1.33816 -1
1.58203 -1
0.656968 -1
0.973577 -1
0.989429 -1
1.75013 -1
1.44117 -1
1.43344 -1
0.783383 -1
1.26454 -1
1.10578 -1
1.23596 -1
1.18847 -1
1.19688 -1
1.47057 -1
1.5333 -1
1.60735 -1
1.46287 -1
1.85955 -1
1.005 -1
1.37696 -1
1.62385 -1
1.40855 -1
1.18096 -1
1.71858 -1
1.8393 -1
1.32985 -1
1.28063 -1
1.26221 -1
1.5077 -1
1.66298 -1
0.998141 -1
1.02502 -1
0.863375 -1
1.23061 -1
1.42544 -1
1.32887 -1
1.69496 -1
1.49289 -1
1.24151 -1
1.24991 -1
1 -1
1.42892 -1
1.15264 -1
0.963864 -1
0.938584 -1
1.12245 -1
1.2458 -1
1.45347 -1
1.51732 -1
1.06446 -1
1.28336 -1
1.14936 -1
1.30626 -1
1.58938 -1
1.35115 -1
1.0219 -1
1.18841 -1
1.20046 -1
1.00934 -1
1.04772 -1
1.39973 -1
1.1267 -1
1.23397 -1
1.2201 -1
1.24407 -1
1.03347 -1
1.20557 -1
0.941622 -1
1.30952 -1
1.33456 -1
1.24796 -1
1.54445 -1
1.12326 -1
1.35751 -1
1.56633 -1
1.01631 -1
1.39125 -1
1.7041 -1
1.28343 -1
1.44932 -1
1.41816 -1
1.43163 -1
1.37917 -1
1.55308 -1
1.49223 -1
1.23469 -1
1.21797 -1
1.26128 -1
1.9641 -1
1.41077 -1
1.52524 -1
1.19533 -1
1.16408 -1
1.23393 -1
1.74573 -1
0.889788 -1
1.34484 -1
0.849147 -1
1.5586 -1
0.818273 -1
1.46662 -1
1.17835 -1
1.25174 -1
1.04085 -1
1.75245 -1
1.02485 -1
1.28343 -1
1.2704 -1
1.46162 -1
1.35734 -1
1.52021 -1
1 -1
1.07984 -1
1.14797 -1
0.715374 -1
1.22527 -1
0.954141 -1
1.3119 -1
1.7883 -1
2.06787 -1
1.34891 -1
1.24615 -1
1.2608 -1
1.46866 -1
1.22651 -1
1.20661 -1
1.4223 -1
1.20697 -1
0.905219 -1
0.724051 -1
0.980164 -1
1.80486 -1
1.17771 -1
1.12798 -1
1.67065 -1
1.08804 -1
1.27431 -1
1.48508 -1
1.27531 -1
1.47476 -1
1.83526 -1
1 -1
1.49039 -1
1.74029 -1
1.67667 -1
1.78567 -1
0.907797 -1
1.45644 -1
1.17552 -1
1.10596 -1
1.24421 -1
1.50284 -1
1.44367 -1
1.61 -1
1.88771 -1
1.13483 -1
1.34023 -1
1.09049 -1
1.07911 -1
0.822068 -1
1.63814 -1
1.07733 -1
1.76393 -1
1.04967 -1
1.47999 -1
1.4542 -1
0.592965 -1
1.37629 -1
1.19477 -1
1.78002 -1
1.5567 -1
0.963199 -1
1.04304 -1
1.23044 -1
1.1392 -1
1.36967 -1
1.77177 -1
1.40036 -1
1.40891 -1
1.29591 -1
1 -1
0.859669 -1
0.715823 -1
1.35287 -1
0.917642 -1
1.85579 -1
1.01259 -1
1.20557 -1
1.11618 -1
1.15327 -1
1.10256 -1
1.26193 -1
1.43706 -1
1.36514 -1
1.10647 -1
1.71856 -1
0.961035 -1
1.01696 -1
0.898333 -1
1.645 -1
1.69863 -1
0.70188 -1
0.975691 -1
1.32796 -1
1.02686 -1
1.16354 -1
1.53181 -1
1.18045 -1
0.980059 -1
1.92505 -1
1.49688 -1
1.41587 -1
1.61603 -1
1.21058 -1
0.874655 -1
1.48115 -1
1.1784 -1
1.3151 -1
1.44876 -1
1.13221 -1
1.08553 -1
1.27599 -1
1.19848 -1
1.177 -1
1.46759 -1
1.78283 -1
1.29635 -1
1.68076 -1
2.11587 -1
1.61292 -1
1.0634 -1
1.1631 -1
1.82108 -1
0.835156 -1
1.73769 -1
1.48485 -1
1.26931 -1
1.22338 -1
0.399933 -1
1.63242 -1
0.909706 -1
1.76594 -1
1.2793 -1
1.68707 -1
1.26615 -1
2.47159 -1
1.39835 -1
0.943164 -1
0.847133 -1
0.885219 -1
0.916811 -1
0.782341 -1
1.37783 -1
1.46058 -1
1.40556 -1
1.48951 -1
1.53192 -1
1.61458 -1
1.06013 -1
1.73523 -1
1.24655 -1
1.36743 -1
1.27063 -1
1.42103 -1
1.19554 -1
1.23638 -1
1.48369 -1
1.202 -1
1.35135 -1
1.4099 -1
1.39122 -1
1.3442 -1
1.15739 -1
1.2487 -1
0.992328 -1
1.29913 -1
1.3085 -1
1.18292 -1
1.30783 -1
1.07209 -1
1.66685 -1
1.34486 -1
1.25061 -1
1.24859 -1
1.41338 -1
1.43371 -1
1.18981 -1
1.27225 -1
1.8773 -1
1.41801 -1
0.731598 -1
1.16483 -1
1.41441 -1
0.283284 -1
2.04178 -1
1.32276 -1
1.24096 -1
1.39558 -1
1.32858 -1
0.809584 -1
1.62492 -1
1.02181 -1
1.51358 -1
1.78826 -1
1.52736 -1
1.10089 -1
0.925216 -1
1.05505 -1
1.24348 -1
1.37385 -1
1.50252 -1
1.87038 -1
1.14002 -1
1.81986 -1
1.32468 -1
0.838738 -1
1.60006 -1
1.47051 -1
0.878462 -1
1.029 -1
1.06466 -1
1.37153 -1
1.81444 -1
1.2704 -1
1.45838 -1
1.826 -1
1.84918 -1
0.982329 -1
0.805245 -1
1.63023 -1
1.37305 -1
1.10477 -1
1.02163 -1
1.2826 -1
1.34102 -1
1.34606 -1
1.22152 -1
1.42733 -1
0.91181 -1
1.65424 -1
1.51644 -1
1.65826 -1
0.910493 -1
1.29476 -1
1.14838 -1
1.23814 -1
1.27322 -1
1.06234 -1
1.58656 -1
1.2823 -1
1.04065 -1
1.42852 -1
1.94143 -1
0.732433 -1
1.75375 -1
1.172 -1
1.7391 -1
1.28083 -1
1.10503 -1
1.34314 -1
1.7598 -1
1.14457 -1
1.45377 -1
1.47901 -1
1.06965 -1
1.50731 -1
1.39551 -1
1.4472 -1
1.08253 -1
1.4384 -1
1.24532 -1
1.74713 -1
1.54001 -1
1.1602 -1
1.05935 -1
1.72316 -1
1.36399 -1
1.35203 -1
1.27077 -1
1.78077 -1
1.73794 -1
1.10577 -1
1.48716 -1
1.19134 -1
1.23039 -1
1.18684 -1
1.20838 -1
1.23094 -1
1.36781 -1
1.48461 -1
1.17124 -1
1.17918 -1
1.60304 -1
1.02428 -1
1.194 -1
1.33019 -1
1.39875 -1
1.11091 -1
1.32711 -1
1.42091 -1
1.71723 -1
1.6906 -1
1.10061 -1
1.27129 -1
1.19017 -1
1.25733 -1
0.594374 -1
1.37652 -1
1.81962 -1
1.41254 -1
1.98438 -1
1.19504 -1
1.46484 -1
1.51465 -1
1.11685 -1
1.26862 -1
1.19615 -1
1.32626 -1
1.0502 -1
0.978057 -1
0.876012 -1
1.16542 -1
1.15855 -1
1.19112 -1
1.4946 -1
1.92158 -1
1.00399 -1
1.66479 -1
1.76842 -1
1.14666 -1
1.30036 -1
1.46116 -1
1.44242 -1
1.15825 -1
1.27481 -1
1.01455 -1
1.36235 -1
1.48205 -1
1.18182 -1
1.25681 -1
1.2956 -1
1.66536 -1
1.05619 -1
1.02772 -1
1.30657 -1
1.29167 -1
1.16061 -1
1.41555 -1
1.28157 -1
1.3019 -1
1.28989 -1
1.19808 -1
1.31409 -1
1.11989 -1
1.36572 -1
1.2542 -1
1.19672 -1
1.28879 -1
1.15482 -1
1.35322 -1
1.07525 -1
1.2017 -1
1.29469 -1
0.984812 -1
1.34761 -1
1.10433 -1
1.01484 -1
1.25473 -1
0.987274 -1
1.14994 -1
1.15955 -1
1.34104 -1
1.08845 -1
1.24897 -1
1.27798 -1
1.4107 -1
1.03602 -1
1.06053 -1
1.10757 -1
1.27087 -1
1.22105 -1
1.16431 -1
1.35648 -1
1.26332 -1
1.28414 -1
1.07667 -1
1.28725 -1
1.27623 -1
1.35227 -1
1.20388 -1
1.1809 -1
1.13362 -1
1.18088 -1
1.33215 -1
1.55334 -1
1.72199 -1
1.50294 -1
1.01582 -1
1.24985 -1
1.08729 -1
1.20701 -1
0.86214 -1
1.3185 -1
1.31308 -1
1.37786 -1
1.72468 -1
1.22548 -1
0.787509 -1
1.25144 -1
1.40612 -1
1.13293 -1
1.31445 -1
1.17855 -1
1 -1
1.07665 -1
1.26434 -1
1.06131 -1
1.30604 -1
0.872087 -1
1.21984 -1
1.838 -1
1.05423 -1
1.50754 -1
1.1636 -1
1.09475 -1
1.25042 -1
1.12436 -1
0.949208 -1
1.23088 -1
1.29563 -1
1.67516 -1
1.39043 -1
1.221 -1
1.40237 -1
1.05765 -1
1.91315 -1
0.854566 -1
1.53285 -1
1.25161 -1
1.16301 -1
1.06059 -1
0.973393 -1
1.01625 -1
1.09777 -1
1.53174 -1
1.63588 -1
1.15958 -1
1.1251 -1
1.41534 -1
1.56517 -1
1.27253 -1
1.18964 -1
1.47126 -1
1.31371 -1
1.51436 -1
1.15178 -1
1.80382 -1
1.6526 -1
1.40259 -1
1.71619 -1
1.83598 -1
1.1903 -1
1.676 -1
1.54151 -1
1.48163 -1
1.36429 -1
1.50656 -1
1.27835 -1
1.11651 -1
1.186 -1
1.53278 -1
1.31091 -1
1.31073 -1
1.42449 -1
1.36444 -1
1.20967 -1
1.24343 -1
1.34208 -1
1.08204 -1
1.22531 -1
1.5372 -1
1.55397 -1
0.863755 -1
1.34785 -1
1.51341 -1
1.00542 -1
1.62123 -1
1.3818 -1
1.53313 -1
0.996292 -1
1.53452 -1
1.719 -1
1.04092 -1
1.16213 -1
1.47345 -1
1.21132 -1
1.30928 -1
1.1784 -1
1.45656 -1
1.30631 -1
0.999745 -1
1.8694 -1
1.21257 -1
1.3561 -1
1.81348 -1
1.52734 -1
1.0694 -1
1.2944 -1
0.928788 -1
1.48467 -1
0.705877 -1
1.17024 -1
1.47825 -1
1.22528 -1
0.923887 -1
1.42624 -1
1.29741 -1
1.21939 -1
1.24111 -1
1.14197 -1
1.31799 -1
0.988906 -1
1.2614 -1
1.59986 -1
1.34903 -1
0.859753 -1
1.32134 -1
1.11291 -1
1.34273 -1
1.05598 -1
1.75821 -1
1.24713 -1
1.0785 -1
0.921005 -1
1.46195 -1
1.61474 -1
1.16266 -1
1.43002 -1
1.26173 -1
1.50136 -1
1.19251 -1
1 -1
1.80186 -1
0.430134 -1
1.09481 -1
1.08672 -1
1.19027 -1
1.09694 -1
1.13348 -1
1.59859 -1
1.76197 -1
1.70057 -1
1.24647 -1
1.44726 -1
1.66081 -1
1.52422 -1
1.70379 -1
1.25827 -1
1.72536 -1
1.92519 -1
1.47204 -1
1.42482 -1
1.50114 -1
1.6913 -1
1.24247 -1
1.27856 -1
1.50833 -1
1.35916 -1
1.3587 -1
1.20737 -1
1.28625 -1
0.590086 -1
1.01972 -1
1.13805 -1
1.5387 -1
0.494766 -1
1 -1
1.57361 -1
1.57536 -1
1.88669 -1
1.37888 -1
1.17884 -1
1.22612 -1
0.979127 -1
1.02677 -1
1.21301 -1
0.984644 -1
1.66896 -1
1.21772 -1
1.43156 -1
1.0408 -1
1.82568 -1
1.15242 -1
1.1016 -1
1.34758 -1
1.04731 -1
1.1388 -1
1.17526 -1
1.23173 -1
0.620758 -1
1.2442 -1
0.780324 -1
1.18438 -1
1.10679 -1
1.15109 -1
0.805655 -1
1.24601 -1
1.19026 -1
1.17636 -1
1.19617 -1
1.33664 -1
1.0186 -1
1.42415 -1
1.71684 -1
1.09187 -1
1.41313 -1
1.45438 -1
1.48735 -1
1.54551 -1
1.11873 -1
1.36734 -1
1.45416 -1
1.48517 -1
1.53321 -1
1.08805 -1
1.2537 -1
1.8425 -1
1.53517 -1
1.50427 -1
1.09759 -1
1.19736 -1
1.53872 -1
1.45764 -1
1.33239 -1
1.16703 -1
0.989668 -1
1.0685 -1
1.45548 -1
1.35646 -1
1.60073 -1
1.50349 -1
1.5534 -1
1.21538 -1
1.7135 -1
1.17737 -1
1.72156 -1
1.42878 -1
1.20013 -1
0.989612 -1
1.48168 -1
1.63261 -1
1.71931 -1
1.15344 -1
1.11707 -1
1.09662 -1
1.19396 -1
1.3377 -1
1.39649 -1
1.3568 -1
1.06038 -1
1.41538 -1
1.42691 -1
1.58574 -1
1.31067 -1
1.42624 -1
1.36019 -1
0.94471 -1
1.33939 -1
1.23131 -1
0.962483 -1
1.39825 -1
1.2389 -1
1.88323 -1
1.71674 -1
1.33026 -1
1.18741 -1
1.31517 -1
1.35156 -1
1.15257 -1
1.38808 -1
1.50992 -1
0.987227 -1
1.19782 -1
1.01448 -1
1.61742 -1
0.855665 -1
1.18589 -1
1.5815 -1
1.50062 -1
1.57635 -1
1.04282 -1
1.2558 -1
1.63999 -1
0.953242 -1
1.51022 -1
0.873664 -1
0.924149 -1
1.34193 -1
0.90461 -1
1.10006 -1
1.28444 -1
1.34791 -1
1.29396 -1
1.55953 -1
1.20456 -1
1.45584 -1
1.09578 -1
1.33517 -1
1.23113 -1
1.24848 -1
0.887224 -1
1.15754 -1
0.65779 -1
1.28728 -1
0.912542 -1
1.64052 -1
1.64051 -1
1.55988 -1
1.57566 -1
1.11409 -1
0.572176 -1
1.35772 -1
1.23949 -1
2.16604 -1
1.85402 -1
1.25265 -1
1 -1
1.09098 -1
1.2162 -1
1.19116 -1
1.1226 -1
1.02358 -1
1.22494 -1
1.47577 -1
1.24524 -1
1.29665 -1
1.32861 -1
1.02133 -1
1.574 -1
1.29135 -1
0.825245 -1
1.17535 -1
1.35801 -1
1.14938 -1
1.12147 -1
1.14656 -1
1.3793 -1
1.01372 -1
1.47469 -1
0.919998 -1
0.494527 -1
1.14652 -1
1.19786 -1
1.21884 -1
1.2991 -1
1.28092 -1
1.29884 -1
1.45153 -1
1.03101 -1
1.22133 -1
1.44706 -1
0.984884 -1
1.51112 -1
1.16292 -1
1.13425 -1
0.930374 -1
1.47628 -1
1.31365 -1
1.38282 -1
1.44556 -1
1.23064 -1
0.862551 -1
1 -1
1.26101 -1
0.92682 -1
1.19126 -1
1.62929 -1
1.30332 -1
1.1404 -1
1.15845 -1
1.28562 -1
0.79805 -1
1.72477 -1
1.29429 -1
1.1871 -1
1.25865 -1
1.23633 -1
0.986442 -1
1.37056 -1
1.48837 -1
1.45165 -1
1.16345 -1
1.42846 -1
1.20603 -1
1.20579 -1
1.29854 -1
1.4263 -1
1.01386 -1
0.901883 -1
1.11554 -1
0.71115 -1
1.36826 -1
1.15556 -1
1.23431 -1
1.10451 -1
1.17568 -1
1.20656 -1
1.20965 -1
1.31254 -1
1.29841 -1
1.39806 -1
1.04029 -1
1.57561 -1
1.25895 -1
1.00146 -1
1.26977 -1
1.33639 -1
1.33163 -1
1.18912 -1
1.28332 -1
1.5702 -1
1.60603 -1
1.73564 -1
1.05843 -1
1.43047 -1
1.15538 -1
1.11738 -1
2.07962 -1
1.22631 -1
1.66866 -1
1.02003 -1
1.1756 -1
1.26148 -1
1.36311 -1
1.10388 -1
1.17955 -1
1.1934 -1
1.25474 -1
1.21222 -1
1.32799 -1
1.17432 -1
1.68101 -1
1.11272 -1
1.84044 -1
1.25832 -1
1.04018 -1
1.56163 -1
1.61688 -1
2.04531 -1
1.74547 -1
1.51968 -1
0.952042 -1
1.42395 -1
1.25915 -1
1.47505 -1
1.04369 -1
1.2298 -1
1.17537 -1
1.25151 -1
1.29938 -1
1.59357 -1
1.12882 -1
1.18043 -1
1.46057 -1
1.16382 -1
1.48354 -1
1.13028 -1
1.24057 -1
1.06089 -1
1.44052 -1
1.05615 -1
1.31115 -1
1.09111 -1
1.20617 -1
1.19354 -1
1.54599 -1
1.32996 -1
0.983691 -1
1.42614 -1
1.12707 -1
1.27072 -1
1.72123 -1
1.57952 -1
1.77076 -1
1.74094 -1
1.17861 -1
1.24234 -1
1.58286 -1
1.89451 -1
0.998748 -1
1.20437 -1
1.02623 -1
0.949316 -1
1.2467 -1
1.30862 -1
0.908666 -1
1.59761 -1
1.2316 -1
1.59836 -1
1.15512 -1
1.25738 -1
1.07665 -1
1.36876 -1
1.41922 -1
0.935192 -1
1.10983 -1
1.40719 -1
1.37854 -1
0.8421 -1
1.05654 -1
1.25621 -1
0.968412 -1
1.23741 -1
1.34241 -1
1.17594 -1
1.05058 -1
0.401597 -1
1.36545 -1
1.39993 -1
1.08635 -1
1.18543 -1
0.921514 -1
0.97731 -1
1.02549 -1
1.45174 -1
1.18772 -1
1.21766 -1
1.3115 -1
1.1984 -1
1.49363 -1
1.26123 -1
1.18306 -1
1.22797 -1
1.2441 -1
1.59776 -1
1.41196 -1
1.25681 -1
1.11322 -1
1.35127 -1
1.34484 -1
0.787627 -1
1.37156 -1
1.71982 -1
1.04639 -1
1.16728 -1
1.2359 -1
1.16321 -1
1.21984 -1
1.04599 -1
1.60363 -1
1.56187 -1
1.4228 -1
1.16183 -1
1.078 -1
1.30591 -1
1.15855 -1
1.27731 -1
0.970544 -1
1.53316 -1
1.29148 -1
0.925474 -1
1.10465 -1
1.10126 -1
1.13626 -1
1.09626 -1
1.31788 -1
1.13634 -1
1.69576 -1
1.34695 -1
1.26751 -1
1.02799 -1
1.46574 -1
1.06027 -1
1.08781 -1
1.51155 -1
1.21665 -1
1 -1
1.20211 -1
1.02558 -1
1.27104 -1
1.9531 -1
1.3644 -1
1.48542 -1
1.17858 -1
1.54714 -1
1.71817 -1
1.37574 -1
1.10081 -1
1.09704 -1
1.6045 -1
1.26463 -1
1.55979 -1
1.85148 -1
1.38756 -1
1.10329 -1
1.36243 -1
1.76381 -1
1.32013 -1
2.01219 -1
0.614166 -1
0.923873 -1
1.13927 -1
1.32185 -1
1.27958 -1
1.4233 -1
1.52715 -1
1.22836 -1
1.68217 -1
1.60655 -1
1.63682 -1
1.29372 -1
1.51442 -1
1.20291 -1
1.33798 -1
1.21662 -1
1.54626 -1
1.33296 -1
1.43662 -1
1.59887 -1
1.40053 -1
1.23523 -1
1.56819 -1
1.42571 -1
1.38003 -1
1.39677 -1
0.910425 -1
1.3527 -1
1.25603 -1
1.18404 -1
1.53966 -1
1.39659 -1
1.56956 -1
1.12092 -1
1.55542 -1
1.37116 -1
1.35542 -1
1.0955 -1
1.46211 -1
1.29871 -1
1.44727 -1
1.26759 -1
1.36355 -1
1.60557 -1
1.2866 -1
1.15492 -1
1.69726 -1
1.45073 -1
1.11764 -1
1.60783 -1
1.3544 -1
1.14659 -1
1.41716 -1
1.35489 -1
1.22063 -1
1.54145 -1
1.47229 -1
1.36447 -1
1.67742 -1
1.39305 -1
1.13713 -1
1.26449 -1
1.58328 -1
1.30599 -1
1.35553 -1
1.49458 -1
1.58493 -1
1.22376 -1
0.97357 -1
1.20197 -1
1.6382 -1
1.4203 -1
1.12155 -1
1.09825 -1
1.33634 -1
0.965572 -1
0.966104 -1
1.16696 -1
1.03508 -1
1.37923 -1
1.3531 -1
1.05557 -1
1.42933 -1
1.89106 -1
0.9474 -1
1.62307 -1
1.28102 -1
1.53367 -1
1.33983 -1
1.13973 -1
1.40353 -1
1.47069 -1
1.46759 -1
1.19569 -1
1.16615 -1
1.30513 -1
1.30097 -1
1 -1
1.15052 -1
1.17351 -1
1.4314 -1
1.46048 -1
1.20098 -1
1.62072 -1
1.34393 -1
1.19305 -1
1.1642 -1
1.49199 -1
1.21532 -1
1.1295 -1
1.35326 -1
0.920234 -1
1.16315 -1
0.7779 -1
0.87802 -1
1.0729 -1
0.774239 -1
0.939816 -1
1.25452 -1
1.82404 -1
1.39472 -1
1.4395 -1
0.932273 -1
1.45396 -1
1.44686 -1
1.18625 -1
1 -1
0.87369 -1
0.73357 -1
1.58634 -1
1.12281 -1
1.14552 -1
1.03201 -1
1.49499 -1
1.48478 -1
0.824952 -1
1.48811 -1
1.49223 -1
1.65651 -1
1.2698 -1
1.16396 -1
1.45093 -1
0.907521 -1
1.14827 -1
1.29394 -1
1.60799 -1
0.827851 -1
1.7028 -1
1.04386 -1
1.45034 -1
1.10831 -1
1.37726 -1
0.819239 -1
1.15568 -1
1.25638 -1
1.57932 -1
1.54953 -1
1.22433 -1
1.21078 -1
0.97647 -1
1.09923 -1
1.13958 -1
1 -1
0.558762 -1
1.7539 -1
1.38448 -1
1.25834 -1
1.07904 -1
1.58652 -1
1.01483 -1
1.35354 -1
1.31514 -1
0.957086 -1
1.25131 -1
1.01155 -1
1.40278 -1
1.79096 -1
1.03612 -1
0.991052 -1
1.24118 -1
1.09077 -1
1.2379 -1
1.19134 -1
1.00684 -1
0.940022 -1
1.03162 -1
0.863606 -1
1.16581 -1
1.63063 -1
1.1367 -1
1.0969 -1
1.6163 -1
1.82109 -1
1.59743 -1
1.42333 -1
1.28411 -1
0.975777 -1
1.1695 -1
1.26506 -1
1.36979 -1
1.47044 -1
1.33645 -1
1.45291 -1
1.05056 -1
0.846876 -1
1.45128 -1
1.27706 -1
1.26333 -1
1.33022 -1
1.27257 -1
1.25601 -1
1.14606 -1
1.77014 -1
1.66888 -1
0.914926 -1
1.43287 -1
1.31973 -1
1.35338 -1
0.785834 -1
1.8453 -1
1.35956 -1
1 -1
0.804497 -1
1.24384 -1
0.843851 -1
0.784099 -1
0.734302 -1
1.1858 -1
0.944852 -1
1.19628 -1
1.21461 -1
1.27422 -1
1.35899 -1
1.17373 -1
1 -1
1.3091 -1
1.46433 -1
1.04591 -1
0.928506 -1
1.11246 -1
1.42299 -1
1.3979 -1
2.10481 -1
0.778639 -1
1.22625 -1
1.04465 -1
1.04416 -1
1.46504 -1
1.1598 -1
1.14441 -1
1.1077 -1
1.37744 -1
1.18197 -1
1.84151 -1
1.2903 -1
0.31945 -1
0.615659 -1
1.98755 -1
1.05821 -1
0.646999 -1
0.938724 -1
1.14778 -1
1.15405 -1
1.6347 -1
1.10559 -1
1.61168 -1
1.15807 -1
1.44587 -1
1.24157 -1
1.01603 -1
1.60232 -1
1.59889 -1
1.25386 -1
1.43986 -1
1.46278 -1
0.981569 -1
1.58915 -1
1.39871 -1
0.764952 -1
1.24147 -1
0.584263 -1
1.21238 -1
1.00011 -1
1.25063 -1
1.17222 -1
1.60619 -1
1.55579 -1
1.34315 -1
1.55596 -1
1.25092 -1
1.83724 -1
1.09265 -1
1.09788 -1
1.6045 -1
0.478351 -1
0.576742 -1
1.69275 -1
1.27183 -1
1.15671 -1
0.675205 -1
1.33916 -1
0.735758 -1
0.724643 -1
1.29627 -1
1.36089 -1
0.972393 -1
0.95227 -1
1.26027 -1
0.897985 -1
1 -1
0.986339 -1
1.25515 -1
1.66071 -1
1.12679 -1
1.69349 -1
1.43602 -1
1.84948 -1
1.45538 -1
1 -1
1.12442 -1
1.62524 -1
2.00572 -1
1.58637 -1
1.59288 -1
1.74449 -1
1.14516 -1
1.28278 -1
1.03959 -1
0.792261 -1
1.26856 -1
0.947363 -1
1.2276 -1
1.40117 -1
1.58942 -1
1.42721 -1
1.35028 -1
1.30636 -1
1.1611 -1
1.69728 -1
1.43118 -1
1.36974 -1
1.22899 -1
1.37388 -1
1.66512 -1
1.3955 -1
1.90323 -1
1.2772 -1
0.98766 -1
0.973657 -1
1.59029 -1
1.54977 -1
1.63876 -1
1.42564 -1
1.38047 -1
1.32522 -1
1.55982 -1
1.51589 -1
1.50469 -1
1.41837 -1
1.37447 -1
1.30058 -1
1.59857 -1
1.56638 -1
1.05505 -1
1.52194 -1
1.71637 -1
0.825017 -1
1.02252 -1
0.994812 -1
2.01255 -1
1.59878 -1
1.22037 -1
0.88975 -1
1.44611 -1
1.39219 -1
1.20576 -1
1.42275 -1
0.818931 -1
1.00254 -1
1.02687 -1
1.45599 -1
0.759416 -1
1.25949 -1
1.23404 -1
0.747983 -1
1.2118 -1
0.854075 -1
0.853171 -1
1.20486 -1
1.17425 -1
1.25083 -1
1.16751 -1
1.33475 -1
1.30589 -1
1.35376 -1
1.07514 -1
1.50712 -1
1.50658 -1
1.0361 -1
1.54897 -1
1.20311 -1
1.22532 -1
1.37513 -1
1.36914 -1
1.2903 -1
1.34323 -1
2.04369 -1
1.20326 -1
1.41525 -1
1.1741 -1
1.30056 -1
1.81778 -1
1.09438 -1
1.50727 -1
1.04278 -1
1.28914 -1
1.25041 -1
1.14201 -1
1.84999 -1
1.2899 -1
1.40679 -1
1.08474 -1
1.59102 -1
1.47529 -1
1.75916 -1
0.868379 -1
1.57113 -1
1.68002 -1
1.53618 -1
1.27404 -1
1.02955 -1
1.80923 -1
1.30965 -1
1.40483 -1
1.31285 -1
1.32757 -1
1.1185 -1
1.17303 -1
1.37378 -1
1.14702 -1
1.03974 -1
1.35181 -1
1.24184 -1
1.26813 -1
1.4632 -1
1.23444 -1
1.35695 -1
1.34057 -1
1.48101 -1
1.2678 -1
1.17908 -1
1.16404 -1
1.21722 -1
1.17589 -1
1.26922 -1
1.405 -1
1.42538 -1
1.36388 -1
1.33471 -1
1.46751 -1
1.19079 -1
1.03611 -1
1.41596 -1
1.10873 -1
1.21083 -1
1.26518 -1
1.25703 -1
1.25218 -1
0.934239 -1
1.17128 -1
1.08948 -1
0.984694 -1
1.49606 -1
1.74186 -1
1.47818 -1
1.86045 -1
1.35916 -1
1.275 -1
1.11175 -1
1.49973 -1
1.35227 -1
1.79237 -1
1.36149 -1
1.27872 -1
1.43344 -1
1.14016 -1
1.46167 -1
1.22487 -1
1.0431 -1
1.78644 -1
1.4136 -1
1.35369 -1
1.4443 -1
1.28629 -1
0.797413 -1
1 -1
1.0348 -1
1.37212 -1
1.04114 -1
1.69112 -1
0.980357 -1
1.3402 -1
1.57767 -1
1.07928 -1
1.32996 -1
1.34784 -1
1.34825 -1
1.4024 -1
1.13829 -1
1.38252 -1
1.16126 -1
1.34938 -1
1.16997 -1
1.4094 -1
1.26044 -1
1.30438 -1
1.71587 -1
1.61031 -1
1.18498 -1
1.81844 -1
0.9356 -1
1.22647 -1
0.906077 -1
1.35527 -1
1.66143 -1
1 -1
1.29394 -1
1.16125 -1
1.31514 -1
1.56699 -1
1.7637 -1
0.943868 -1
1.4661 -1
1.17421 -1
1.40936 -1
1.46059 -1
1.7176 -1
1.32296 -1
1.47801 -1
1.19392 -1
1.32718 -1
1.3915 -1
1.41144 -1
0.894107 -1
1.3038 -1
1.26231 -1
1.26161 -1
1 -1
1.26074 -1
1.48064 -1
1.60926 -1
1.31994 -1
1.3006 -1
1.23079 -1
1.12026 -1
1.03133 -1
1.14323 -1
0.386321 -1
1.43596 -1
0.947596 -1
1.00342 -1
1.20354 -1
1.24786 -1
1.38184 -1
1.04349 -1
1.30289 -1
1.09381 -1
1.29012 -1
1.07666 -1
1.46949 -1
1.20336 -1
1.21253 -1
1.34618 -1
1.13144 -1
1.02526 -1
0.89989 -1
0.755012 -1
1.47785 -1
1.29109 -1
1.51651 -1
1.02369 -1
1.68333 -1
1 -1
1 -1
0.999151 -1
0.780096 -1
0.956376 -1
0.744247 -1
1.03253 -1
0.585967 -1
1.91536 -1
1.15452 -1
1.56941 -1
1.22949 -1
1.31149 -1
0.827704 -1
1.50953 -1
1.07894 -1
1.83602 -1
1.33597 -1
1.60836 -1
0.877748 -1
0.843192 -1
0.605951 -1
1.69861 -1
1.08677 -1
1.15876 -1
0.95909 -1
1.08859 -1
1.38048 -1
1.71187 -1
1.45105 -1
1.41473 -1
1.12029 -1
0.829693 -1
1.6435 -1
1.68195 -1
1.07018 -1
1.34405 -1
1.57022 -1
1.52397 -1
1.65296 -1
1.36305 -1
1.66605 -1
1.54074 -1
1.32742 -1
1.46648 -1
1.09801 -1
1.173 -1
1.16083 -1
1.14572 -1
1.33748 -1
1.12208 -1
1.33997 -1
1.32484 -1
1.18915 -1
1.19355 -1
1.27911 -1
1.2672 -1
1.81663 -1
1.51891 -1
1.09113 -1
1.48133 -1
1.49608 -1
1.20792 -1
1.57476 -1
1.44806 -1
1.53214 -1
0.733547 -1
1.54823 -1
1.33969 -1
1.04412 -1
1.86145 -1
1 -1
1.7648 -1
1.23547 -1
1.54235 -1
1.13633 -1
1.43628 -1
1.28035 -1
1.39129 -1
1.75343 -1
1.20705 -1
1.49824 -1
1.37089 -1
1.37881 -1
1.50019 -1
1.35635 -1
0.975866 -1
1.09838 -1
1.36291 -1
1.1674 -1
1.20605 -1
1.34425 -1
1.29716 -1
1.1452 -1
0.995629 -1
1.71737 -1
0.905363 -1
1.57523 -1
0.979748 -1
1.44054 -1
1.23659 -1
0.972658 -1
1.61552 -1
1.07763 -1
1.15591 -1
1.31341 -1
1.32647 -1
1.6741 -1
1.13908 -1
1.4563 -1
1.25772 -1
1.2614 -1
1.4018 -1
0.924278 -1
1.56719 -1
1.10717 -1
1.12228 -1
1.7658 -1
1.73852 -1
1.29282 -1
1.21232 -1
1.33157 -1
1 -1
0.999976 -1
0.851685 -1
0.794571 -1
1.11917 -1
0.720945 -1
1.55731 -1
1.73513 -1
1.3585 -1
1.78995 -1
0.689493 -1
1.36349 -1
0.968497 -1
1.33282 -1
1.78478 -1
1.61851 -1
0.729252 -1
1.05249 -1
0.665826 -1
1.42587 -1
1.17422 -1
1.56722 -1
1.57269 -1
0.465726 -1
1 -1
1.46694 -1
1.36474 -1
1.77034 -1
1.18242 -1
1.34061 -1
0.95982 -1
1.35604 -1
1.62269 -1
1.02438 -1
1.74437 -1
1.70765 -1
1.15398 -1
1.457 -1
0.834472 -1
1.75234 -1
1.3204 -1
2.10358 -1
1.38597 -1
0.792432 -1
1.1791 -1
1.17889 -1
0.571608 -1
1.11969 -1
1.37579 -1
1.16917 -1
1.66391 -1
1.28687 -1
1.05267 -1
1.37084 -1
1.67381 -1
1.49667 -1
1.13906 -1
1.29953 -1
1.80477 -1
1.617 -1
1.74068 -1
1.77492 -1
1.39128 -1
1.4721 -1
1.98269 -1
1.84915 -1
1.5826 -1
1.77658 -1
1.30475 -1
1.27598 -1
1.27014 -1
1.14541 -1
1.33298 -1
1.43633 -1
1.41895 -1
1.27775 -1
1.56656 -1
1.4007 -1
1.37756 -1
1.41295 -1
1.34833 -1
1.10446 -1
1.44698 -1
1.24837 -1
1.31264 -1
1.64325 -1
1.35425 -1
1.68094 -1
1.08988 -1
1.31033 -1
1.06445 -1
1.19039 -1
1.17752 -1
1.4241 -1
1.3304 -1
1.4974 -1
1.27003 -1
1.60653 -1
1.48077 -1
1.61879 -1
1.19963 -1
1.20882 -1
1.29118 -1
0.999335 -1
1.26145 -1
1.32798 -1
1.42033 -1
1.2195 -1
1.2955 -1
1.66139 -1
1.32775 -1
1.64662 -1
1.56394 -1
1.72139 -1
1.66988 -1
1.11953 -1
1.53897 -1
1.34216 -1
1.59322 -1
1.88465 -1
1.25661 -1
1.01867 -1
1.46468 -1
1.28581 -1
1.54969 -1
1.18471 -1
1.2624 -1
1.705 -1
1.35479 -1
1.12126 -1
1.43605 -1
1.29986 -1
1.60127 -1
1.67969 -1
1.5746 -1
1.48332 -1
1.42723 -1
1.36649 -1
1.26691 -1
1.31017 -1
1.23129 -1
0.674413 -1
1.46203 -1
0.791943 -1
1.08395 -1
0.817122 -1
1.31557 -1
1.42783 -1
1.1199 -1
1.17501 -1
1.03788 -1
1.13714 -1
1.66182 -1
1.27787 -1
1.36755 -1
1.3235 -1
1.15 -1
1.05896 -1
1.53463 -1
1.72878 -1
0.996443 -1
1.19976 -1
0.813253 -1
1.33445 -1
1.19011 -1
1.23748 -1
0.846593 -1
1.2995 -1
1.17781 -1
1.35194 -1
1.09938 -1
1.18378 -1
1.00765 -1
1.29519 -1
1.54081 -1
1.22571 -1
1.5576 -1
1.44975 -1
1.23838 -1
1.34319 -1
1.53723 -1
1.41997 -1
1.26086 -1
1.54761 -1
1.26574 -1
1.57372 -1
1.55033 -1
1.59383 -1
1.27951 -1
1.20046 -1
1.24732 -1
1.26495 -1
1.28201 -1
1.75024 -1
1.29461 -1
1.51595 -1
1.52537 -1
1.28504 -1
1.49541 -1
1.69783 -1
1 -1
1.92455 -1
1.53848 -1
1.14892 -1
1.83463 -1
1.63225 -1
1.12022 -1
1.18885 -1
1.53016 -1
1.43091 -1
1.37845 -1
1.64834 -1
1.38932 -1
1.39189 -1
1.40196 -1
1.11614 -1
0.980215 -1
1.56162 -1
1.27664 -1
1.18109 -1
1.57832 -1
1.60902 -1
1.39443 -1
1.29716 -1
1.71373 -1
1.22469 -1
1.297 -1
1.41995 -1
1.02548 -1
1.54423 -1
1.38525 -1
1.30742 -1
1.74253 -1
1.44841 -1
1.22009 -1
1.60975 -1
1.59598 -1
1.15905 -1
1.22581 -1
1.49064 -1
1.75546 -1
1.40805 -1
1.40106 -1
1.34472 -1
1.33447 -1
1.32047 -1
1.57246 -1
1.56854 -1
1.41938 -1
1.17539 -1
1.25713 -1
0.989999 -1
1.40929 -1
0.588471 -1
1.33124 -1
0.801571 -1
1.23123 -1
1.13541 -1
1.02347 -1
1.36304 -1
1.20699 -1
1.26285 -1
1.17974 -1
1.14078 -1
1.2369 -1
1.21593 -1
1.11091 -1
1.16354 -1
1.00298 -1
1.36727 -1
1.04114 -1
0.950186 -1
1.47485 -1
1.32293 -1
1.09268 -1
1.25165 -1
1.04552 -1
1.12687 -1
1.19665 -1
1.63968 -1
1.06766 -1
1.33644 -1
1.78134 -1
1.33889 -1
1.17411 -1
1.27192 -1
0.921055 -1
1.13969 -1
1.02652 -1
1.35508 -1
1.30245 -1
1.21756 -1
1.30478 -1
0.894665 -1
1.39582 -1
1.53713 -1
1.27612 -1
1.2432 -1
1.059 -1
1.13707 -1
1.29239 -1
1.15702 -1
1.26948 -1
0.99267 -1
1.1695 -1
1.54878 -1
1.14212 -1
0.771482 -1
1.25388 -1
1.28122 -1
1.26562 -1
1.22523 -1
1.29859 -1
1.17913 -1
1.30728 -1
1.26502 -1
1.16633 -1
1.24532 -1
0.959987 -1
1.08733 -1
1.16982 -1
1.42438 -1
1.19016 -1
1.17549 -1
1.73156 -1
1.12438 -1
1.31172 -1
1.27461 -1
1.08278 -1
1.40205 -1
1.25456 -1
1.2721 -1
1.29033 -1
1.17254 -1
1.41563 -1
1.25941 -1
1.41823 -1
1.64284 -1
1.31179 -1
1.17251 -1
1.60631 -1
1.2825 -1
1.21493 -1
1.22333 -1
1.36488 -1
1.70669 -1
1.35711 -1
1.67923 -1
0.62584 -1
1.5096 -1
1.48846 -1
1.53048 -1
1.41255 -1
1.80661 -1
1.13606 -1
1.61517 -1
1.93102 -1
1.24029 -1
1.34516 -1
1.04209 -1
1.34112 -1
1.5885 -1
1.35277 -1
1.01481 -1
1.09521 -1
1.11903 -1
1.38054 -1
1.11059 -1
1.78909 -1
1.7318 -1
1.62493 -1
1.5478 -1
0.818836 -1
1.67014 -1
1.46864 -1
1.21804 -1
1.21518 -1
1.65863 -1
1.06477 -1
0.669004 -1
1 -1
1.0549 -1
1.50599 -1
1.45934 -1
1 -1
0.987655 -1
1.02869 -1
1.39578 -1
0.81191 -1
1 -1
1 -1
1.17854 -1
1.37921 -1
1.42518 -1
1.21899 -1
1.60979 -1
0.765222 -1
1 -1
1.23388 -1
1.13483 -1
1.86441 -1
1.56371 -1
1.84013 -1
1.44775 -1
1.58084 -1
1.69815 -1
1.65925 -1
1.97529 -1
1.0272 -1
1.21025 -1
1.1495 -1
0.898355 -1
1.3522 -1
1.48993 -1
1.26922 -1
1.42971 -1
1.49008 -1
1.34597 -1
1.17433 -1
1.66959 -1
1.23456 -1
1.20639 -1
1.12405 -1
0.637252 -1
1.12433 -1
1.12411 -1
1.65838 -1
1.40313 -1
1.39894 -1
1.22722 -1
1.34277 -1
1.33814 -1
1.40855 -1
1.27955 -1
1.0892 -1
0.93989 -1
0.781954 -1
1.39451 -1
1.47715 -1
0.942735 -1
0.819388 -1
1.43177 -1
2.10321 -1
1.22643 -1
1.48692 -1
0.97462 -1
2.04706 -1
1.4783 -1
1.38402 -1
1.3392 -1
1.25803 -1
1.18812 -1
1.23731 -1
1.31771 -1
1.45981 -1
1.41227 -1
1.28589 -1
1.25087 -1
1.59339 -1
0.751778 -1
0.491041 -1
1.07152 -1
0.719469 -1
0.962044 -1
1.32191 -1
1.32074 -1
1.07852 -1
0.774441 -1
1 -1
0.690412 -1
0.974327 -1
1.18138 -1
1.93576 -1
0.834115 -1
0.94342 -1
1.22905 -1
1.15677 -1
1.04282 -1
1.37088 -1
1.19319 -1
0.765345 -1
1.17545 -1
1.77063 -1
1.69353 -1
1.64201 -1
1.36239 -1
1.32114 -1
1.22623 -1
1.50148 -1
1.85438 -1
0.904548 -1
0.978343 -1
1.1606 -1
1.45719 -1
1.62036 -1
1.3087 -1
1.41166 -1
1.449 -1
1.233 -1
1.34643 -1
1.1289 -1
1.47558 -1
0.875642 -1
1.50219 -1
1.7869 -1
1.23332 -1
1.05293 -1
1.07727 -1
0.995614 -1
1.23145 -1
0.949927 -1
1.05156 -1
1.35461 -1
1.44398 -1
1.23863 -1
1.09547 -1
1.51444 -1
2.11046 -1
1.69519 -1
1.15234 -1
1.56698 -1
1.67259 -1
1.71827 -1
1.29505 -1
1.33139 -1
1.31778 -1
1.42732 -1
1.31725 -1
1.75654 -1
1.13706 -1
1.10284 -1
1.06499 -1
1.12727 -1
1.64317 -1
1.43189 -1
1.24714 -1
1.27754 -1
1.00245 -1
0.936231 -1
1.9765 -1
0.810408 -1
1.12473 -1
1.27241 -1
0.901151 -1
1.06669 -1
1.62668 -1
0.995154 -1
1.17543 -1
1.49031 -1
1.30345 -1
1.18321 -1
1.01008 -1
1.05877 -1
1.08379 -1
1.14815 -1
1.24357 -1
1.27858 -1
1.23077 -1
1.26904 -1
1.28873 -1
1.96285 -1
1.25858 -1
1.33319 -1
1.56721 -1
1.4937 -1
1.59289 -1
2.06116 -1
1.69797 -1
1.91905 -1
1.03151 -1
0.945471 -1
1.49765 -1
1.16412 -1
1.70926 -1
1.3164 -1
1.89058 -1
1.3862 -1
1.54963 -1
1.09686 -1
1.52009 -1
1.2278 -1
1.39549 -1
0.621272 -1
1.175 -1
1.56531 -1
1.5539 -1
1.06515 -1
1.03977 -1
1.50888 -1
1.5633 -1
1.45784 -1
1.43125 -1
1.20191 -1
1.35403 -1
1.16281 -1
1.66826 -1
1.26477 -1
1.48971 -1
1.179 -1
1.88023 -1
0.827252 -1
1.43401 -1
1.29845 -1
1.33444 -1
1.88618 -1
1.75148 -1
1.77106 -1
1.00935 -1
1.08656 -1
0.666017 -1
1.5774 -1
1.50807 -1
1.15603 -1
1.23584 -1
1.54086 -1
1.26572 -1
0.957133 -1
1.05548 -1
1.51493 -1
1.95123 -1
1.47367 -1
1.0479 -1
1.53082 -1
1.31523 -1
1.2484 -1
1.21286 -1
0.931724 -1
1.14609 -1
1.05044 -1
1.10213 -1
1.1688 -1
1.22318 -1
1.3519 -1
1.51836 -1
1.31522 -1
1.17923 -1
1.27664 -1
1.43442 -1
1.13359 -1
1.7137 -1
1.29424 -1
1.53599 -1
1.00502 -1
1.62588 -1
1.20561 -1
1.00029 -1
1.61644 -1
0.979364 -1
0.656666 -1
1.10768 -1
1.67247 -1
1.02282 -1
1.19902 -1
1.2687 -1
1.08571 -1
1.74143 -1
1.29575 -1
1.01461 -1
0.857512 -1
1.30486 -1
1.40752 -1
1.49078 -1
1.36789 -1
0.873024 -1
1.14552 -1
0.942342 -1
1 -1
1.51755 -1
1.06909 -1
1.20046 -1
1.30563 -1
1.03836 -1
0.891535 -1
0.627862 -1
1.43639 -1
1.55137 -1
0.885444 -1
1.15772 -1
1.05667 -1
1.32893 -1
0.896664 -1
1.18381 -1
0.762189 -1
1.23638 -1
1.27035 -1
1.66596 -1
1.26338 -1
1.39314 -1
1.55941 -1
0.947729 -1
1.07074 -1
1.27096 -1
1.295 -1
1.3657 -1
1.29485 -1
1.41312 -1
1.18695 -1
1.24948 -1
0.9647 -1
0.913707 -1
1.2904 -1
1.40948 -1
1.74224 -1
1.16653 -1
1.13311 -1
1.17946 -1
1.25141 -1
1.65461 -1
1.2644 -1
1.14994 -1
1.61459 -1
1.05983 -1
1.41375 -1
1.16374 -1
1.37369 -1
1.33294 -1
1.31391 -1
1.33865 -1
0.962932 -1
1.28636 -1
1.18622 -1
1.23144 -1
1.30541 -1
1.30344 -1
0.873661 -1
1.34047 -1
1.3353 -1
0.94911 -1
1.21582 -1
1.18692 -1
1.15062 -1
1.33054 -1
1.07069 -1
1.50645 -1
1.30157 -1
1.37115 -1
1.34669 -1
1.38428 -1
1.54332 -1
1.92227 -1
1.39998 -1
1.07072 -1
1.01889 -1
1.11088 -1
1.51419 -1
1.23276 -1
1.29065 -1
0.649435 -1
1.05919 -1
1.36359 -1
1.47702 -1
1.02836 -1
1.42363 -1
1.21329 -1
1.38512 -1
1.25871 -1
1.34995 -1
1.33817 -1
1.10171 -1
1.15433 -1
1.41932 -1
1.73157 -1
1.28205 -1
0.987493 -1
0.991412 -1
1.79101 -1
1.54952 -1
0.962628 -1
1.03626 -1
1.2354 -1
1.06151 -1
0.595691 -1
1.2991 -1
1.02412 -1
1.37035 -1
0.97292 -1
0.900098 -1
1.70606 -1
1.54956 -1
1.28498 -1
0.43572 -1
1.06696 -1
1.11966 -1
0.870737 -1
1.60488 -1
1.39721 -1
1.87831 -1
1.25842 -1
1.5484 -1
1 -1
1.59587 -1
1.37157 -1
1.13318 -1
1.29449 -1
1.34202 -1
1.24733 -1
1.27909 -1
1.15383 -1
1.46473 -1
1.2472 -1
1.28226 -1
1.50107 -1
0.702251 -1
1.28284 -1
1.06458 -1
0.984823 -1
1.19862 -1
1.15319 -1
1.51108 -1
1.46013 -1
1.4472 -1
1.53067 -1
1.22508 -1
1.0648 -1
1.04669 -1
1.53083 -1
1.38178 -1
1.66446 -1
1.30619 -1
1.21324 -1
1.13302 -1
1.61762 -1
1.00749 -1
1.2624 -1
1.50956 -1
1.1751 -1
1.40333 -1
0.595119 -1
0.973901 -1
1.52872 -1
1.4376 -1
1.11231 -1
1.34802 -1
1.20791 -1
1.74471 -1
1.73737 -1
1.6111 -1
1.08379 -1
1.02739 -1
1.25119 -1
1.37959 -1
1.09062 -1
1.24508 -1
1.21967 -1
1.12715 -1
0.969327 -1
1.25628 -1
1.6963 -1
1.20606 -1
1 -1
1.03368 -1
1.35248 -1
0.747123 -1
1.4607 -1
1.24501 -1
1.40647 -1
1.12904 -1
1.34105 -1
1.22445 -1
1.0378 -1
1.43717 -1
0.884799 -1
0.927017 -1
1 -1
1.24607 -1
1.15287 -1
1.31372 -1
0.802595 -1
0.916761 -1
1.29627 -1
1.04744 -1
1.4788 -1
1.16204 -1
0.915375 -1
1.08613 -1
1.20028 -1
1.2278 -1
1.57215 -1
1.49389 -1
1.00057 -1
1.09194 -1
0.924417 -1
1.10995 -1
0.988241 -1
0.866832 -1
1.29824 -1
1.67145 -1
1.4789 -1
1.22704 -1
1.34494 -1
0.800238 -1
1.21136 -1
0.789007 -1
0.811786 -1
1.46622 -1
0.879179 -1
1.32148 -1
1.69385 -1
1.47124 -1
1.25507 -1
1.39738 -1
1.29262 -1
1.04434 -1
1.35562 -1
1.30212 -1
1.07479 -1
1.27164 -1
1.38414 -1
0.635738 -1
0.82954 -1
0.992794 -1
1.09412 -1
1.37448 -1
1.47656 -1
1 -1
1 -1
1.22495 -1
1.12766 -1
1.7195 -1
1.45444 -1
1.56206 -1
1.09943 -1
1.55134 -1
1.3918 -1
0.968778 -1
1.40781 -1
1.41356 -1
1.15623 -1
1.38491 -1
1.00012 -1
1.46201 -1
1.40719 -1
1.44624 -1
1.18668 -1
0.906919 -1
0.647956 -1
1.18537 -1
1.14184 -1
1.37262 -1
1.44055 -1
1.23766 -1
1.25503 -1
1.26659 -1
1.26708 -1
1.05729 -1
1.41484 -1
1.37972 -1
1.42914 -1
1.19568 -1
1.18948 -1
1.41507 -1
1.08261 -1
1.24939 -1
0.887028 -1
1.39172 -1
1.00861 -1
1.07326 -1
1.40961 -1
1.24636 -1
1.40829 -1
1.43782 -1
1.13287 -1
1.1894 -1
1.26876 -1
1.09833 -1
0.571473 -1
1.58328 -1
1.59283 -1
1.0954 -1
1 -1
1.26205 -1
1.3879 -1
1.03587 -1
1.02643 -1
1.46974 -1
1.4183 -1
1.51931 -1
1.44589 -1
1.21355 -1
1.63644 -1
1.28442 -1
1.14459 -1
1.22699 -1
1.33033 -1
1.55031 -1
1.24153 -1
1.18211 -1
1.45399 -1
0.901279 -1
1.53142 -1
1.05941 -1
1.18397 -1
1.56799 -1
1.10023 -1
1.13448 -1
1.04381 -1
1.13046 -1
1.67353 -1
1.32318 -1
1.03882 -1
1.38966 -1
1.33165 -1
0.951497 -1
1.18252 -1
1 -1
1.27818 -1
1.18566 -1
1.08027 -1
1.229 -1
1.24665 -1
1.14171 -1
1.25866 -1
1.05858 -1
0.923214 -1
1.14322 -1
1.42828 -1
1.4828 -1
1.04308 -1
1.16787 -1
1.18797 -1
1.01235 -1
0.824784 -1
1.1361 -1
1.38069 -1
1.18643 -1
1.16055 -1
1.36687 -1
1.11515 -1
1.44428 -1
1.03014 -1
1.44837 -1
1.04082 -1
1.07092 -1
1.37205 -1
1.28013 -1
1.23574 -1
1.38748 -1
1.31139 -1
1.27147 -1
0.888287 -1
1.19979 -1
1.26061 -1
1.19443 -1
1.33145 -1
1.42867 -1
1.39444 -1
1.27832 -1
1.20818 -1
1.52693 -1
1.10817 -1
1.21484 -1
1.38815 -1
1 -1
0.94979 -1
1.41152 -1
0.755931 -1
0.970366 -1
1.01056 -1
1.20689 -1
1.15006 -1
1.17877 -1
1.23895 -1
1.27415 -1
1.30878 -1
1.17108 -1
1.28672 -1
1.27974 -1
1.43971 -1
1.26623 -1
1.64364 -1
1.0411 -1
1 -1
1.35306 -1
0.859684 -1
1.37433 -1
1.29418 -1
1.29367 -1
1.47048 -1
1.23737 -1
1.23797 -1
1.08661 -1
1.30812 -1
1.20609 -1
1.17265 -1
1.34132 -1
1.1821 -1
1.12092 -1
1.1095 -1
1.14031 -1
1.05007 -1
1.1587 -1
1.42426 -1
1.14799 -1
1.29949 -1
1.37807 -1
1.0666 -1
1.39652 -1
1.32514 -1
1.1989 -1
1.24258 -1
1.18121 -1
0.985631 -1
1.14009 -1
1.32803 -1
1.11172 -1
1.10039 -1
1.4611 -1
1.27222 -1
1.35532 -1
1.31233 -1
1.11815 -1
1.02804 -1
1.28586 -1
0.919985 -1
1.21517 -1
1.17155 -1
1.17208 -1
1.16463 -1
1.20953 -1
1.18283 -1
1.15083 -1
1.11209 -1
1.28362 -1
1.28003 -1
1.18801 -1
1.27222 -1
1.38965 -1
1.10395 -1
1.25693 -1
1.60705 -1
1.57862 -1
1.13099 -1
1.52674 -1
1.40097 -1
1.99692 -1
1.48448 -1
1.59107 -1
0.990516 -1
1.27199 -1
1.14001 -1
1.12317 -1
1.06838 -1
1.3192 -1
1.22014 -1
1.05465 -1
1.21492 -1
1.27525 -1
1.2984 -1
1.42544 -1
1.20448 -1
1.21253 -1
1.00057 -1
1.29095 -1
1.18733 -1
1.38458 -1
1.33659 -1
1.0167 -1
1.24584 -1
1.21143 -1
1.0904 -1
1.39359 -1
1.28101 -1
1.48739 -1
1.2456 -1
1.58053 -1
0.828502 -1
1.41013 -1
1.15709 -1
1.1127 -1
1.12781 -1
1.36438 -1
1.326 -1
1.10849 -1
1.37885 -1
1.23492 -1
1.47698 -1
1.23264 -1
1.19267 -1
1.19444 -1
1.36434 -1
1.1663 -1
1.3333 -1
1.10131 -1
1.241 -1
1.44373 -1
1.22196 -1
0.918621 -1
1.04445 -1
1.11188 -1
1.20634 -1
0.746563 -1
1.21285 -1
1.18712 -1
1.23839 -1
1 -1
1.28464 -1
0.899106 -1
1.59777 -1
1.51477 -1
1.38273 -1
1.03805 -1
1.50055 -1
1.53412 -1
1.13175 -1
1.23615 -1
1.1469 -1
1.21263 -1
0.988268 -1
1.1711 -1
1.2099 -1
0.982635 -1
1.13104 -1
0.895731 -1
0.953234 -1
1.34479 -1
1.07308 -1
1.26532 -1
0.931763 -1
1.43964 -1
0.989961 -1
0.869862 -1
1.03697 -1
1.33548 -1
1.30695 -1
1.06376 -1
1.33789 -1
1.08545 -1
1.47719 -1
0.742451 -1
1.31749 -1
1.28935 -1
1.16988 -1
1.21715 -1
1.58283 -1
1.47207 -1
1.06058 -1
1.5146 -1
1.56025 -1
1.55102 -1
1.23873 -1
1.35087 -1
1.31244 -1
1.02389 -1
1.53276 -1
1.36828 -1
1.36246 -1
1 -1
1.52955 -1
1.13051 -1
0.645998 -1
1.07485 -1
1.29705 -1
1.03563 -1
1.26567 -1
1.15685 -1
1.1891 -1
1.18589 -1
1.43155 -1
1.03585 -1
1.03486 -1
0.961587 -1
1.31181 -1
1.30682 -1
1.34846 -1
1.13627 -1
1.16525 -1
1 -1
1.12918 -1
1.09665 -1
1.1863 -1
1.20597 -1
1.19115 -1
1.53026 -1
1.42664 -1
0.999562 -1
1.19576 -1
1.15867 -1
1.14519 -1
1.18655 -1
1.133 -1
1.24578 -1
1.2376 -1
1.09229 -1
1.16105 -1
1.20753 -1
0.61715 -1
1.3121 -1
1.30792 -1
1.19273 -1
1.12015 -1
1.18788 -1
1.26444 -1
1.30409 -1
1.16286 -1
1.34122 -1
1.00051 -1
1.09296 -1
1.26472 -1
1.16342 -1
1.20588 -1
1.22983 -1
0.98068 -1
1.58625 -1
1.2319 -1
1.24063 -1
1.20925 -1
1.13518 -1
1.09791 -1
1.29256 -1
1.31638 -1
1.06532 -1
1.06473 -1
1.36387 -1
1.14982 -1
1.17994 -1
0.93686 -1
1.26368 -1
1.2596 -1
1.15696 -1
0.960178 -1
1.54834 -1
1.45762 -1
1.15237 -1
1.26372 -1
1.29787 -1
1.27936 -1
0.978392 -1
1.29466 -1
1.1873 -1
1.43235 -1
1.36702 -1
1.42637 -1
1.42663 -1
1.20527 -1
1.35391 -1
1.79831 -1
1.67803 -1
1.66819 -1
1.69969 -1
1.38464 -1
1.61153 -1
0.87761 -1
1.16097 -1
1.26769 -1
1.05322 -1
0.982404 -1
1.17825 -1
1.1462 -1
1.56393 -1
0.916917 -1
1.14328 -1
1.33348 -1
1.5983 -1
1.44155 -1
1.20877 -1
1.1393 -1
1.27582 -1
1.39771 -1
1.71004 -1
1.63605 -1
1.45555 -1
1.53244 -1
1.41516 -1
1.3092 -1
1.92633 -1
1.48623 -1
1.19946 -1
1.62884 -1
2.03406 -1
2.21226 -1
1.34994 -1
1.10235 -1
1.21346 -1
0.791272 -1
1.0243 -1
1.92946 -1
1.4295 -1
1 -1
1.3858 -1
1.09015 -1
1.57947 -1
1.07983 -1
1.23117 -1
1.12625 -1
1.27195 -1
1.64566 -1
1.45543 -1
0.790588 -1
1.21381 -1
1.10198 -1
0.902207 -1
1.29374 -1
0.941989 -1
1.09831 -1
1.44274 -1
1.18097 -1
1.00144 -1
1.46584 -1
1.52875 -1
1.2157 -1
1.30147 -1
1.38758 -1
1.03595 -1
1.72674 -1
1.42827 -1
1.22906 -1
1.06636 -1
1.11044 -1
1.11127 -1
1.45484 -1
1.80475 -1
1.3148 -1
1.22599 -1
1.15043 -1
0.703232 -1
1.3678 -1
1.7536 -1
1.41261 -1
0.947024 -1
1 -1
1.64153 -1
1.20872 -1
1.22614 -1
1.4629 -1
1.16197 -1
1.10056 -1
1.10179 -1
1 -1
1.28108 -1
1.37529 -1
0.902064 -1
0.90764 -1
0.844873 -1
1.02385 -1
0.922324 -1
1.428 -1
1 -1
0.615888 -1
1.70489 -1
0.564116 -1
1 -1
1.72228 -1
1.3443 -1
1.08533 -1
1.6114 -1
1.19115 -1
1.3315 -1
1.58711 -1
1.61265 -1
1.24995 -1
0.830096 -1
1.48489 -1
1.63509 -1
0.505202 -1
0.917969 -1
1.24632 -1
1.25531 -1
1.21168 -1
0.859486 -1
1.01088 -1
1.36749 -1
1.2133 -1
1.55866 -1
1.58802 -1
1.62397 -1
1.92376 -1
1.37315 -1
1.47493 -1
1.27934 -1
1.03848 -1
1.05806 -1
1.98073 -1
1.14112 -1
1.28773 -1
1.20906 -1
1.11153 -1
1.31408 -1
1.15141 -1
1.05993 -1
1.38271 -1
1.21918 -1
1.11807 -1
1.26102 -1
0.513749 -1
1.00297 -1
1.90873 -1
1.34756 -1
1.54489 -1
1.30915 -1
1.22066 -1
1.52845 -1
0.671452 -1
1.31866 -1
1.26346 -1
1.25483 -1
1.27143 -1
1.06068 -1
1.51186 -1
1.28736 -1
1.2514 -1
1.49188 -1
1.3451 -1
1.13719 -1
1.43346 -1
1.62543 -1
1.87359 -1
1.08861 -1
1.19066 -1
1.20997 -1
1.17152 -1
1.08036 -1
1.26387 -1
1.34881 -1
1.16551 -1
1.24005 -1
1.51188 -1
1.1084 -1
1.1237 -1
1.39939 -1
1.48148 -1
1.28576 -1
1.08759 -1
1.32924 -1
1.43017 -1
1.32663 -1
0.940746 -1
1.23121 -1
1.28868 -1
0.902773 -1
1.55387 -1
1.36103 -1
1.07146 -1
1.27477 -1
1.45887 -1
1.42078 -1
1.37394 -1
1.54082 -1
1.51668 -1
1.13182 -1
0.879899 -1
0.959992 -1
1.20977 -1
1.16935 -1
1.26471 -1
1.67932 -1
1.09671 -1
1.01414 -1
1.10528 -1
1.28957 -1
0.902871 -1
0.960196 -1
1.22641 -1
1.29143 -1
1.20216 -1
1.26067 -1
1.0311 -1
1.15966 -1
1.20782 -1
1.05623 -1
0.989406 -1
1.21331 -1
1.04654 -1
2.06326 -1
1.10408 -1
1.24563 -1
1.32637 -1
1.1732 -1
1.04824 -1
1.03024 -1
1.16966 -1
1 -1
1.18703 -1
1.10623 -1
1.25466 -1
1.39364 -1
0.999395 -1
1.06952 -1
1.28732 -1
1.27829 -1
1.19232 -1
1.16513 -1
1.74906 -1
1.09666 -1
0.996657 -1
1.25048 -1
1.52715 -1
1.57482 -1
1.46869 -1
1.14624 -1
1.20365 -1
1.11 -1
1.25358 -1
1.03518 -1
1.2888 -1
1.28894 -1
1.19905 -1
1.18748 -1
1.10729 -1
1.14423 -1
1.33767 -1
1.12569 -1
1.0026 -1
1.21822 -1
1.07619 -1
1.11505 -1
1.44591 -1
1.10846 -1
1.0151 -1
1.11982 -1
1.02455 -1
1.22785 -1
1.2978 -1
1.14002 -1
1.18653 -1
1.16399 -1
1.21109 -1
1.28028 -1
1.23584 -1
1.36127 -1
1.76285 -1
1.62516 -1
1.19549 -1
1.43084 -1
1.37876 -1
1.32587 -1
1.18695 -1
1.075 -1
1.13528 -1
1.506 -1
1.41071 -1
1.14127 -1
1.98889 -1
1.00436 -1
1.02164 -1
1.1375 -1
1.34662 -1
1.5616 -1
1.19671 -1
1.33559 -1
1.28142 -1
1.23089 -1
1.46945 -1
0.912248 -1
1.67244 -1
1.23491 -1
1.43557 -1
1.28498 -1
1.14019 -1
