4500 2
-1.621 1
1.3405 -1
-1.00712 1
-1.00401 1
-0.9998 1
-1.32085 1
-3.70953 1
-3.46727 1
-2.80526 1
-0.991848 1
-0.988342 1
-0.996308 1
-1.50663 1
-0.615302 1
-1.39875 1
-0.988503 1
-1.14699 1
-1.16066 1
-1.00424 1
-2.32392 1
-1.00242 1
-1.10972 1
-0.990472 1
-2.44634 1
-1.0123 1
-0.890346 1
-2.37873 1
-3.61602 1
-0.81182 1
-0.634386 1
-0.601259 1
-2.15195 1
-0.992066 1
-0.991594 1
-1.80931 1
0.0257554 -1
-1.72607 1
-2.13255 1
-2.16648 1
-1.59324 1
-0.989446 1
-1.10641 1
-1.316 1
-0.990214 1
-1.28793 1
-1.96744 1
-1.00279 1
-1.00008 1
-1.59847 1
-0.167071 1
-2.57821 1
-0.863808 1
-1.39321 1
-2.08578 1
-2.61301 1
-3.29489 1
-1.01045 1
-2.03049 1
-1.08452 1
-1.18953 1
-1.00093 1
-1.2491 1
-0.997598 1
-0.000859534 1
-1.38083 1
-1.99321 1
-2.1458 1
-1.30932 1
-1.64219 1
-1.01138 1
-2.47149 1
-1.02103 1
-1.43197 1
-2.18667 1
-0.99108 1
-0.990587 1
-1.89984 1
-0.999298 1
-1.93363 1
-2.15169 1
-1.42723 1
-0.998938 1
-1.75775 1
-0.9939 1
-2.69674 1
-1.02074 1
-1.20118 1
-2.30947 1
-2.2806 1
-1.96505 1
-2.79722 1
0.242794 -1
-1.71698 1
-0.995634 1
-1.75831 1
-2.1467 1
-1.06054 1
-1.13999 1
-1.14879 1
-3.18504 1
-1.36683 1
-1.65206 1
-2.66755 1
-0.987445 1
-2.03567 1
-1.69605 1
-0.997413 1
-1.79982 1
-2.58923 1
-1.46469 1
-2.34104 1
-1.02268 1
-1.80062 1
-1.38704 1
-1.00403 1
-2.55713 1
-1.01176 1
-2.16457 1
-2.11961 1
-1.15565 1
-0.983442 1
-1.01089 1
-1.67257 1
-0.99072 1
-0.989123 1
-1.52361 1
-1.61012 1
-1.4532 1
-1.01368 1
-1.0068 1
-0.988196 1
-1.00795 1
-1.00181 1
-1.49596 1
-0.985506 1
-0.993845 1
-1.01854 1
-1.62657 1
-0.986835 1
-2.29564 1
-1.49465 1
-0.986013 1
-1.908 1
-1.00329 1
-1.88948 1
-3.83721 1
-3.14532 1
-1.47152 1
-0.77292 1
-1.94387 1
-0.99814 1
-0.997495 1
-2.24302 1
-0.9853 1
-2.16544 1
-1.85576 1
-0.0721805 1
-2.44239 1
-1.57896 1
-2.5275 1
-0.145479 1
-1.55133 1
-0.99479 1
-2.66701 1
-1.76561 1
-1.3087 1
0.128369 -1
-2.15956 1
-0.992698 1
-1.2338 1
-2.63435 1
-2.60007 1
-1.43372 1
-2.85702 1
-3.33678 1
-0.993883 1
-2.38944 1
-0.999283 1
-2.54691 1
-1.90599 1
-0.989603 1
-1.34264 1
-2.067 1
-1.94605 1
-1.01084 1
-2.68562 1
-0.987262 1
-1.00977 1
-0.988754 1
-1.10576 1
-0.989761 1
-1.80028 1
-2.7009 1
-1.54945 1
-0.979839 1
-1.50084 1
-2.89103 1
-2.42622 1
-0.988914 1
-2.64709 1
-2.13791 1
-2.20854 1
-2.60007 1
-0.998254 1
-1.02818 1
-2.13211 1
-0.981414 1
-1.58939 1
-1.72684 1
-2.18348 1
-1.42058 1
-0.9988 1
-0.990221 1
-2.54465 1
-0.988544 1
-2.39241 1
-2.34133 1
-3.1758 1
-3.04397 1
-2.12144 1
-2.88902 1
-1.00989 1
-2.96515 1
-0.980361 1
-3.12066 1
-0.507952 1
-2.5972 1
-2.25993 1
-0.995239 1
-1.00621 1
-1.5883 1
-1.00822 1
-2.09632 1
-0.998706 1
-2.041 1
-1.08359 1
-0.94567 1
-2.67069 1
-2.28895 1
-0.995517 1
-1.0584 1
-2.96762 1
-1.19957 1
-1.34005 1
-0.765808 1
-0.998483 1
-1.51378 1
-0.991498 1
-1.00829 1
-1.76757 1
-1.00376 1
-1.89294 1
-3.92185 1
-2.10305 1
-0.987894 1
-3.14755 1
-4.66969 1
-1.01488 1
-1.89735 1
-2.54039 1
-1.30686 1
-1.49802 1
-2.73103 1
-1.84616 1
-0.992622 1
-2.24754 1
-1.19091 1
-1.0068 1
-0.993954 1
-0.991722 1
-3.05866 1
-1.62797 1
-1.64736 1
-1.27188 1
-1.44718 1
-0.985961 1
-2.18416 1
-2.64918 1
-2.95833 1
-1.79827 1
-1.41852 1
-1.57759 1
-0.989903 1
-0.987218 1
-2.24059 1
-1.49397 1
-1.52649 1
-0.998656 1
-1.00815 1
-2.65607 1
-1.70354 1
-1.93474 1
-1.00204 1
-3.00946 1
-2.73664 1
-3.29084 1
-1.63121 1
-1.01201 1
-2.56862 1
-2.64635 1
-2.04668 1
-1.00534 1
-1.35283 1
-3.21464 1
-2.31159 1
-1.47047 1
-1.30522 1
-1.88692 1
-0.986729 1
-1.01473 1
-2.2648 1
-1.97533 1
-2.70342 1
-2.46685 1
-1.27851 1
-0.993871 1
-2.19705 1
-1.72561 1
-2.53717 1
-2.58697 1
-2.33021 1
-1.64283 1
-1.57988 1
-2.6549 1
-1.88701 1
-1.86772 1
-1.66906 1
-1.01141 1
-0.805542 1
-0.988527 1
-2.39301 1
-2.12957 1
-1.74524 1
-3.85918 1
-0.996243 1
-0.999878 1
-2.31328 1
-0.987951 1
-1.04011 1
-1.44412 1
-1.06838 1
-0.999401 1
-1.46971 1
-1.14423 1
-0.995841 1
-0.990865 1
-0.993908 1
-1.00578 1
-2.2341 1
-0.987037 1
-1.18567 1
-1.40485 1
-1.92158 1
-1.32265 1
-2.83999 1
-1.28871 1
-1.46191 1
-0.9977 1
-1.1163 1
-1.00026 1
-1.88605 1
-0.998261 1
-1.56783 1
-0.988781 1
-1.55657 1
-1.0081 1
-2.71421 1
-3.61044 1
-1.2256 1
-3.44443 1
-1.34095 1
-2.84186 1
-3.41771 1
-2.73739 1
-2.59762 1
-2.48242 1
-0.99777 1
-3.35895 1
-2.45156 1
-0.994137 1
-1.02847 1
-1.8615 1
-0.701574 1
-1.00889 1
-0.985004 1
-0.403093 1
-1.41132 1
-1.98102 1
-0.992038 1
-1.01611 1
-0.988785 1
-0.992383 1
-0.992734 1
-0.986802 1
-1.99972 1
-1.00799 1
-0.9954 1
-2.86054 1
-2.41112 1
-3.18841 1
-2.59604 1
-1.76295 1
-2.26895 1
-2.8342 1
-0.98927 1
-3.23244 1
-1.65546 1
-2.56359 1
-3.32223 1
-0.987428 1
-1.58099 1
-2.56858 1
-1.68332 1
-2.5056 1
-1.00557 1
-2.09532 1
-1.25269 1
-1.00991 1
-1.97861 1
-1.00934 1
-2.16293 1
-1.73804 1
-3.09975 1
-2.68683 1
-1.365 1
-1.29565 1
-1.00394 1
-1.80594 1
-0.992449 1
-1.65887 1
-2.21012 1
-2.16445 1
-1.26451 1
-2.06295 1
-1.6689 1
-1.31817 1
-1.67614 1
-2.70011 1
-2.05701 1
-2.39866 1
-2.16488 1
-3.21803 1
-2.77081 1
-2.32744 1
-1.00801 1
-4.87341 1
-0.990937 1
-1.87605 1
-2.73301 1
-2.59177 1
-3.46192 1
-2.51522 1
-2.13969 1
-2.15272 1
-2.32667 1
-2.28775 1
-1.5526 1
-2.56063 1
-2.67943 1
-1.46956 1
-1.10865 1
-2.2331 1
-1.15282 1
-3.05008 1
-1.39398 1
-2.03301 1
-1.1861 1
-2.79077 1
-3.4074 1
-2.81354 1
-2.73788 1
-1.41727 1
-2.87983 1
-1.44698 1
-2.69959 1
-2.33944 1
-3.496 1
-0.993267 1
-1.00278 1
-2.86172 1
-2.81461 1
-1.83222 1
-1.43003 1
-1.80453 1
-0.996442 1
-1.77933 1
-0.99003 1
-2.62774 1
-1.40449 1
-2.44158 1
-0.99484 1
-1.91585 1
-1.09839 1
-1.87131 1
-1.16181 1
-1.80551 1
-2.85758 1
-1.95503 1
-2.59263 1
-0.985958 1
1.61185 -1
2.69301 -1
2.15189 -1
2.26925 -1
3.69868 -1
2.23228 -1
3.47224 -1
3.97728 -1
2.17231 -1
2.5223 -1
1.88402 -1
2.39754 -1
0.860507 -1
0.99071 -1
0.80264 -1
2.26108 -1
1.4209 -1
0.878249 -1
1.32799 -1
1.01485 -1
2.89281 -1
2.51975 -1
1.3544 -1
2.41075 -1
0.994152 -1
0.992388 -1
1.01288 -1
2.11094 -1
1.26731 -1
1.71419 -1
3.40334 -1
1.84033 -1
2.25504 -1
2.44433 -1
2.52807 -1
2.69701 -1
3.42963 -1
3.53064 -1
2.85956 -1
2.54034 -1
2.9786 -1
2.0581 -1
3.13195 -1
2.48724 -1
2.63117 -1
3.37822 -1
2.81219 -1
3.56915 -1
1.61285 -1
2.83483 -1
1.79644 -1
3.91146 -1
3.16158 -1
2.45033 -1
2.82903 -1
2.07734 -1
1.82407 -1
2.26421 -1
2.87502 -1
2.38946 -1
2.43687 -1
2.24681 -1
2.86864 -1
1.00819 -1
2.23902 -1
2.04384 -1
1.62447 -1
2.27895 -1
1.74411 -1
2.96881 -1
1.82894 -1
1.0195 -1
1.00044 -1
0.990961 -1
3.01202 -1
1.48618 -1
1.36394 -1
2.63764 -1
2.6634 -1
4.09776 -1
1.8374 -1
2.86344 -1
2.31593 -1
0.99983 -1
1.89099 -1
1.25645 -1
2.61695 -1
1.99326 -1
2.36252 -1
1.33976 -1
2.53997 -1
1.97565 -1
2.42436 -1
2.28958 -1
2.16117 -1
3.00647 -1
2.36795 -1
2.71533 -1
2.35978 -1
2.69892 -1
2.35712 -1
1.76335 -1
0.992822 -1
2.04543 -1
2.4385 -1
2.55567 -1
2.61207 -1
1.03844 -1
2.85897 -1
2.03832 -1
1.06849 -1
3.45611 -1
2.5973 -1
1.47737 -1
4.02205 -1
3.65939 -1
1.79459 -1
1.00795 -1
2.30424 -1
2.2375 -1
3.11401 -1
1.41514 -1
1.67415 -1
1.43916 -1
1.65907 -1
2.8577 -1
2.97908 -1
3.88952 -1
1.90992 -1
3.67541 -1
2.30367 -1
2.55048 -1
1.40602 -1
1.91204 -1
3.16401 -1
1.24324 -1
2.19617 -1
1.35964 -1
2.35702 -1
2.89788 -1
3.05873 -1
1.34911 -1
2.37976 -1
2.57575 -1
1.69007 -1
2.23734 -1
4.12958 -1
3.37321 -1
1.70221 -1
2.44994 -1
2.03401 -1
2.49053 -1
3.09575 -1
1.66554 -1
1.58381 -1
3.26319 -1
2.55277 -1
2.56295 -1
2.84765 -1
2.13564 -1
1.51998 -1
3.86965 -1
2.03697 -1
3.01153 -1
2.8187 -1
3.11817 -1
4.409 -1
1.85235 -1
3.32188 -1
2.7589 -1
2.37886 -1
2.77517 -1
1.77281 -1
3.03482 -1
1.72292 -1
1.00721 -1
2.65254 -1
0.996724 -1
1.62145 -1
3.88774 -1
1.53046 -1
1.36941 -1
1.50123 -1
3.01263 -1
1.7823 -1
1.76714 -1
2.98667 -1
1.43982 -1
3.08297 -1
2.67401 -1
0.994808 -1
3.72244 -1
1.48335 -1
3.20163 -1
2.9099 -1
2.47262 -1
2.4685 -1
2.41763 -1
0.99999 -1
2.51533 -1
2.64698 -1
1.96995 -1
0.998712 -1
2.36909 -1
1.77518 -1
0.962282 -1
3.26053 -1
2.87609 -1
1.60016 -1
0.987179 -1
3.64969 -1
1.97605 -1
2.10262 -1
2.87014 -1
1.67819 -1
1.9801 -1
2.88491 -1
1.30873 -1
2.01681 -1
1.49049 -1
3.75927 -1
3.33621 -1
1.16287 -1
4.17527 -1
4.1869 -1
0.986903 -1
1.4688 -1
3.59356 -1
3.69516 -1
2.48321 -1
2.39761 -1
1.981 -1
1.67528 -1
1.40815 -1
2.10373 -1
1.23775 -1
2.16073 -1
1.24062 -1
1.00545 -1
1.73396 -1
3.01641 -1
3.20718 -1
2.00315 -1
1.76836 -1
1.82739 -1
3.64358 -1
3.45069 -1
2.93468 -1
1.14716 -1
3.06544 -1
1.91555 -1
3.5344 -1
0.989733 -1
2.27051 -1
1.98667 -1
1.77417 -1
2.01341 -1
2.04209 -1
3.75271 -1
1.72581 -1
3.073 -1
1.74579 -1
2.00587 -1
2.7475 -1
1.50355 -1
2.80266 -1
1.06692 -1
2.98805 -1
2.09684 -1
2.81207 -1
3.36592 -1
2.78814 -1
2.2607 -1
3.34966 -1
1.09689 -1
3.0225 -1
2.98775 -1
3.03863 -1
3.28579 -1
3.49389 -1
2.358 -1
2.62253 -1
1.97722 -1
2.82434 -1
3.12336 -1
2.57139 -1
1.75786 -1
1.69401 -1
2.38099 -1
4.11324 -1
3.62653 -1
1.63195 -1
2.45328 -1
4.03153 -1
2.05012 -1
2.63761 -1
4.32061 -1
2.40172 -1
1.00138 -1
1.62782 -1
1.66515 -1
1.45756 -1
2.72601 -1
2.14939 -1
2.66687 -1
2.16265 -1
1.17749 -1
2.60039 -1
2.13233 -1
1.61772 -1
1.45306 -1
2.68035 -1
1.51274 -1
3.06313 -1
2.05751 -1
2.75918 -1
2.14829 -1
2.324 -1
1.99796 -1
2.852 -1
3.75154 -1
2.97747 -1
1.91078 -1
3.0767 -1
3.34864 -1
1.09691 -1
1.00721 -1
1.0393 -1
1.80854 -1
2.9685 -1
2.21883 -1
1.91605 -1
1.71494 -1
2.29978 -1
2.22962 -1
2.30611 -1
2.06662 -1
2.95591 -1
1.00393 -1
2.3314 -1
1.60758 -1
2.24948 -1
2.62082 -1
1.25893 -1
3.89422 -1
3.32448 -1
4.56222 -1
1.08489 -1
3.99584 -1
2.77722 -1
1.08388 -1
3.37667 -1
1.28235 -1
3.55885 -1
2.05963 -1
2.59805 -1
2.62661 -1
3.31269 -1
2.63255 -1
2.86718 -1
0.99373 -1
1.00592 -1
1.32568 -1
1.49882 -1
1.78698 -1
1.54454 -1
1.99006 -1
3.77022 -1
1.61673 -1
0.994224 -1
2.68506 -1
1.99851 -1
2.69295 -1
1.01031 -1
2.67817 -1
1.00068 -1
1.00659 -1
3.28225 -1
2.38262 -1
4.36505 -1
1.91774 -1
2.00127 -1
1.1987 -1
5.47278 -1
4.23941 -1
1.40497 -1
3.63672 -1
3.13228 -1
1.75311 -1
1.98809 -1
2.10295 -1
3.39699 -1
2.09542 -1
1.76902 -1
1.0462 -1
3.43972 -1
1.80457 -1
1.63065 -1
2.20957 -1
3.07122 -1
2.60088 -1
1.07637 -1
1.66273 -1
1.28431 -1
1.25177 -1
1.51311 -1
1.32274 -1
1.84166 -1
1.94521 -1
1.6095 -1
0.988903 -1
1.35321 -1
2.42524 -1
2.43224 -1
2.86844 -1
1.99307 -1
1.11079 -1
2.78521 -1
2.68686 -1
1.7824 -1
1.58921 -1
1.14517 -1
2.17822 -1
3.02076 -1
2.4089 -1
3.47841 -1
2.522 -1
2.9067 -1
3.79267 -1
1.97193 -1
3.25716 -1
2.32568 -1
2.68702 -1
2.61195 -1
2.99329 -1
3.95429 -1
3.36824 -1
1.72581 -1
2.14174 -1
1.64703 -1
2.90107 -1
2.45915 -1
1.84444 -1
2.3169 -1
2.32485 -1
1.54057 -1
1.42423 -1
0.986447 -1
2.9095 -1
2.10784 -1
2.10727 -1
2.28629 -1
1.62939 -1
1.25546 -1
2.72139 -1
1.08035 -1
2.12275 -1
4.09053 -1
2.71341 -1
2.1339 -1
2.93943 -1
3.70141 -1
2.93388 -1
1.69777 -1
2.57831 -1
2.41998 -1
3.58312 -1
1.37297 -1
3.89094 -1
3.70462 -1
2.94762 -1
2.6665 -1
2.38633 -1
3.45935 -1
1.34721 -1
3.25873 -1
1.77362 -1
3.09969 -1
2.15938 -1
3.97884 -1
1.09367 -1
2.96146 -1
1.7368 -1
4.21675 -1
1.41478 -1
1.51849 -1
4.35265 -1
2.95187 -1
4.12524 -1
4.57705 -1
2.66904 -1
1.03463 -1
1.34671 -1
2.50926 -1
1.8868 -1
1.54773 -1
1.94357 -1
2.36579 -1
1.00797 -1
1.59282 -1
1.68348 -1
2.00927 -1
1.05397 -1
2.44151 -1
3.86342 -1
4.00489 -1
2.10256 -1
4.26995 -1
1.09141 -1
2.01218 -1
1.43714 -1
1.69141 -1
1.72468 -1
4.26612 -1
2.68083 -1
3.05568 -1
3.86786 -1
1.83165 -1
2.62265 -1
1.57208 -1
1.25374 -1
2.63409 -1
2.53867 -1
1.6137 -1
2.66315 -1
0.992361 -1
2.67607 -1
2.76495 -1
1.91688 -1
2.56366 -1
2.22433 -1
2.26722 -1
2.27202 -1
2.68415 -1
1.7947 -1
1.14898 -1
1.61509 -1
1.73124 -1
0.999104 -1
1.19969 -1
1.89134 -1
2.09329 -1
2.04778 -1
0.994081 -1
2.27102 -1
2.59876 -1
1.01149 -1
1.78502 -1
2.34949 -1
2.65874 -1
1.21374 -1
1.63354 -1
1.01332 -1
3.41645 -1
3.07533 -1
2.21602 -1
0.99074 -1
2.43595 -1
1.8276 -1
2.06488 -1
1.61805 -1
3.14983 -1
2.52892 -1
2.79861 -1
3.21095 -1
2.60008 -1
3.54959 -1
1.64139 -1
2.45321 -1
2.70173 -1
2.65317 -1
1.72637 -1
2.9885 -1
2.94561 -1
1.38793 -1
1.87827 -1
2.02961 -1
2.72262 -1
2.94009 -1
1.16427 -1
1.79626 -1
1.2062 -1
3.2645 -1
2.96417 -1
3.05656 -1
2.89175 -1
2.92645 -1
2.40605 -1
2.63134 -1
1.2639 -1
3.06358 -1
1.55144 -1
1.51291 -1
1.19579 -1
1.98215 -1
1.66847 -1
2.84435 -1
3.51275 -1
1.54424 -1
2.23557 -1
1.76017 -1
1.93677 -1
3.84969 -1
1.60891 -1
1.08287 -1
1.68511 -1
1.93728 -1
2.27728 -1
1.5632 -1
3.25069 -1
1.5678 -1
2.23489 -1
2.34622 -1
1.90477 -1
1.64621 -1
2.17477 -1
0.993503 -1
2.38577 -1
2.07694 -1
1.68495 -1
2.99726 -1
2.41406 -1
2.69597 -1
2.85032 -1
1.58988 -1
2.55316 -1
3.95742 -1
3.16234 -1
1.99999 -1
2.42103 -1
3.07941 -1
2.30306 -1
3.6157 -1
2.61267 -1
2.03192 -1
2.78751 -1
2.66456 -1
3.31689 -1
3.1566 -1
2.52639 -1
2.93728 -1
1.71976 -1
1.69984 -1
2.2732 -1
2.31972 -1
2.14136 -1
1.00705 -1
3.77176 -1
1.31709 -1
2.0546 -1
1.31384 -1
2.15603 -1
0.989179 -1
4.20376 -1
2.23243 -1
2.36621 -1
3.65406 -1
3.52411 -1
2.9149 -1
2.765 -1
1.0055 -1
1.76995 -1
1.8412 -1
0.996907 -1
1.27996 -1
1.88145 -1
2.57657 -1
2.88835 -1
4.96055 -1
3.32223 -1
2.30815 -1
3.01281 -1
2.44239 -1
2.36494 -1
2.13443 -1
1.96782 -1
1.51518 -1
1.71348 -1
1.51745 -1
2.14467 -1
3.58514 -1
1.00995 -1
1.6507 -1
4.16885 -1
1.93923 -1
1.79863 -1
3.92422 -1
2.2135 -1
3.01612 -1
3.76282 -1
1.3521 -1
2.79871 -1
2.88278 -1
3.65821 -1
2.88807 -1
1.59511 -1
2.33858 -1
2.22765 -1
1.1508 -1
2.51122 -1
2.56783 -1
2.29468 -1
2.46772 -1
3.17161 -1
2.23186 -1
1.91986 -1
2.11589 -1
1.57809 -1
1.01234 -1
2.9639 -1
2.02381 -1
3.7421 -1
2.55251 -1
2.34768 -1
2.7099 -1
1.01008 -1
1.97441 -1
3.58954 -1
3.31517 -1
2.97716 -1
1.95219 -1
2.22585 -1
2.50429 -1
1.73602 -1
2.90753 -1
2.04995 -1
3.41355 -1
3.80934 -1
1.29992 -1
2.37633 -1
1.2314 -1
0.9909 -1
2.41114 -1
1.00734 -1
3.39123 -1
1.00695 -1
2.25451 -1
1.85938 -1
1.81074 -1
2.04831 -1
0.992686 -1
1.29753 -1
2.28657 -1
1.801 -1
1.87745 -1
1.97529 -1
1.422 -1
1.45505 -1
3.1143 -1
3.22718 -1
0.988511 -1
1.50137 -1
1.73159 -1
1.4503 -1
1.92362 -1
3.06606 -1
2.59706 -1
0.995454 -1
3.60734 -1
1.90973 -1
3.30809 -1
3.15494 -1
1.84924 -1
1.8857 -1
2.33421 -1
2.02447 -1
2.67288 -1
2.50235 -1
1.71942 -1
1.39995 -1
2.16803 -1
2.13704 -1
1.89682 -1
3.15722 -1
3.93411 -1
2.24318 -1
3.81762 -1
4.39802 -1
2.61263 -1
1.5268 -1
1.52868 -1
3.3835 -1
1.00168 -1
4.41695 -1
3.62784 -1
3.47951 -1
2.30141 -1
1.3755 -1
2.53907 -1
1.76912 -1
3.35016 -1
1.45654 -1
3.40286 -1
2.95903 -1
5.97078 -1
2.86395 -1
2.37738 -1
1.53829 -1
1.17212 -1
1.28822 -1
1.10638 -1
2.55398 -1
2.67836 -1
3.06233 -1
3.46294 -1
2.71353 -1
2.24644 -1
0.989081 -1
3.25894 -1
1.63911 -1
4.07392 -1
2.37453 -1
2.77126 -1
2.57597 -1
1.76309 -1
2.55585 -1
2.06938 -1
2.78719 -1
3.956 -1
3.20734 -1
2.07024 -1
1.66114 -1
1.70822 -1
0.992786 -1
2.39571 -1
2.05697 -1
1.84599 -1
2.37137 -1
1.53565 -1
2.86795 -1
2.1981 -1
2.55838 -1
1.92272 -1
2.46022 -1
2.41788 -1
1.87378 -1
2.15058 -1
4.05194 -1
1.58579 -1
0.989406 -1
1.95139 -1
1.91002 -1
0.764443 -1
3.3193 -1
1.84392 -1
1.25863 -1
1.7498 -1
1.95204 -1
0.99859 -1
3.28609 -1
1.84844 -1
2.55155 -1
3.41206 -1
2.23613 -1
1.93256 -1
1.66352 -1
1.4729 -1
2.31902 -1
2.67243 -1
3.5537 -1
4.32436 -1
1.66321 -1
4.00745 -1
2.00974 -1
1.08097 -1
2.76075 -1
2.50462 -1
2.23431 -1
1.42759 -1
1.26255 -1
1.76955 -1
3.89396 -1
2.06105 -1
3.74405 -1
3.60955 -1
3.63292 -1
1.32986 -1
0.998666 -1
3.78354 -1
3.17993 -1
2.12525 -1
2.00043 -1
2.3107 -1
2.36729 -1
2.84631 -1
2.1072 -1
3.11656 -1
0.995325 -1
3.55157 -1
2.67396 -1
2.92446 -1
0.988349 -1
2.38875 -1
3.28737 -1
1.75344 -1
1.83198 -1
1.92538 -1
2.95917 -1
2.00739 -1
1.47743 -1
3.24212 -1
4.39144 -1
0.987724 -1
3.48307 -1
2.67943 -1
3.897 -1
3.36996 -1
2.37417 -1
1.9158 -1
3.91955 -1
1.20042 -1
2.63084 -1
2.8671 -1
1.86172 -1
2.02788 -1
2.57941 -1
2.42147 -1
1.53836 -1
2.94385 -1
1.90529 -1
3.22128 -1
2.99756 -1
2.00847 -1
1.70614 -1
3.0443 -1
2.14423 -1
3.0068 -1
3.03888 -1
3.65379 -1
3.34786 -1
2.12629 -1
2.71977 -1
2.01627 -1
2.25783 -1
2.43512 -1
2.04089 -1
1.48488 -1
2.12847 -1
3.17271 -1
1.51971 -1
2.10812 -1
3.42644 -1
1.53807 -1
1.65717 -1
1.99943 -1
2.67471 -1
2.03573 -1
1.82151 -1
2.52745 -1
3.18475 -1
3.29397 -1
2.08449 -1
1.89833 -1
1.60818 -1
1.99144 -1
1.00219 -1
2.41773 -1
4.17303 -1
2.58338 -1
4.41608 -1
1.6483 -1
3.15798 -1
3.49838 -1
1.71251 -1
2.43381 -1
1.42597 -1
2.09301 -1
2.08762 -1
1.03968 -1
0.987529 -1
1.74951 -1
1.41452 -1
2.02844 -1
3.50059 -1
4.01003 -1
0.986992 -1
3.45987 -1
3.98208 -1
1.55832 -1
1.90755 -1
2.36441 -1
1.99735 -1
1.48938 -1
2.1398 -1
1.35834 -1
2.26483 -1
2.94477 -1
1.65578 -1
1.60688 -1
2.07625 -1
3.98262 -1
1.35545 -1
1.38137 -1
2.26548 -1
2.35899 -1
2.05895 -1
2.75568 -1
1.72267 -1
2.10149 -1
1.93685 -1
1.85908 -1
2.48111 -1
1.85069 -1
1.76034 -1
2.31278 -1
1.52849 -1
1.34611 -1
1.6457 -1
2.07346 -1
1.92082 -1
1.97932 -1
1.79105 -1
0.993096 -1
2.0566 -1
1.7977 -1
0.995803 -1
2.09182 -1
1.22031 -1
1.44889 -1
2.01081 -1
2.12369 -1
1.24428 -1
2.08823 -1
1.96254 -1
2.33107 -1
1.53172 -1
1.00999 -1
1.09864 -1
1.98048 -1
2.02619 -1
1.62944 -1
2.13186 -1
2.08896 -1
2.02688 -1
1.65359 -1
2.08403 -1
2.55555 -1
2.3181 -1
1.92914 -1
2.00933 -1
1.98899 -1
2.87623 -1
2.6074 -1
3.03541 -1
3.46033 -1
3.11424 -1
2.47248 -1
1.89638 -1
1.8233 -1
1.20124 -1
1.65187 -1
2.07184 -1
1.71981 -1
2.5419 -1
3.74313 -1
1.81358 -1
1.00744 -1
3.11175 -1
1.69726 -1
1.8096 -1
2.21181 -1
1.62877 -1
1.39423 -1
2.16014 -1
2.69393 -1
1.28763 -1
3.08463 -1
1.27211 -1
2.15182 -1
3.59383 -1
1.37096 -1
2.37438 -1
1.47204 -1
1.81544 -1
2.11668 -1
1.25159 -1
1.20002 -1
2.13345 -1
2.51819 -1
3.71176 -1
2.67702 -1
1.87765 -1
1.89027 -1
2.7192 -1
3.07358 -1
2.64147 -1
2.7459 -1
1.71368 -1
1.53739 -1
1.47106 -1
1.1993 -1
0.992958 -1
1.4023 -1
2.25542 -1
4.31427 -1
1.51599 -1
2.18114 -1
2.46958 -1
4.19355 -1
1.30556 -1
1.87347 -1
2.25341 -1
2.46098 -1
3.35693 -1
1.9005 -1
3.90176 -1
2.38633 -1
2.32075 -1
3.22654 -1
4.40814 -1
2.37819 -1
3.00269 -1
2.23661 -1
2.82479 -1
3.33629 -1
2.65278 -1
1.66901 -1
1.7946 -1
1.6417 -1
3.0894 -1
2.69878 -1
1.89015 -1
2.38838 -1
1.89067 -1
1.49955 -1
2.65787 -1
2.15105 -1
1.97085 -1
1.65582 -1
2.87143 -1
3.26272 -1
1.28324 -1
2.64763 -1
2.56684 -1
1.81476 -1
3.69192 -1
2.76622 -1
3.00371 -1
1.64873 -1
2.92857 -1
3.20471 -1
1.69905 -1
1.23978 -1
2.90928 -1
2.64738 -1
2.74701 -1
2.252 -1
2.69665 -1
1.84465 -1
1.88923 -1
4.19863 -1
1.39345 -1
3.13594 -1
4.39783 -1
2.60096 -1
1.47741 -1
2.05744 -1
1.09664 -1
2.67044 -1
0.716971 -1
1.2854 -1
2.60584 -1
1.68734 -1
1.03168 -1
2.37509 -1
2.06858 -1
1.66452 -1
1.80321 -1
1.59068 -1
2.15375 -1
1.61652 -1
2.96654 -1
2.70127 -1
3.76775 -1
1.01188 -1
2.71089 -1
1.5834 -1
2.012 -1
1.68133 -1
3.03343 -1
1.44605 -1
1.64624 -1
0.98776 -1
2.30444 -1
3.12951 -1
2.26691 -1
1.98192 -1
2.102 -1
2.95875 -1
2.82217 -1
1.99934 -1
3.86663 -1
0.994027 -1
1.75013 -1
1.83147 -1
1.86985 -1
1.52023 -1
0.989871 -1
3.32804 -1
3.49242 -1
3.47561 -1
2.22046 -1
3.08397 -1
3.67414 -1
3.00009 -1
3.43522 -1
2.03117 -1
3.62924 -1
4.00206 -1
2.92699 -1
3.31562 -1
2.75932 -1
3.62081 -1
2.04393 -1
2.69478 -1
3.35179 -1
2.61853 -1
1.64563 -1
2.86974 -1
2.2359 -1
1.02198 -1
2.34304 -1
1.44264 -1
2.17983 -1
1.0081 -1
1.75125 -1
2.54963 -1
2.82028 -1
3.1194 -1
2.06692 -1
1.75818 -1
2.613 -1
0.993863 -1
1.4486 -1
2.51618 -1
1.26217 -1
3.37234 -1
2.59043 -1
2.66045 -1
1.72953 -1
4.10233 -1
1.42566 -1
1.157 -1
2.18968 -1
1.00447 -1
1.00631 -1
1.37795 -1
1.60094 -1
0.984033 -1
2.18895 -1
1.39141 -1
1.67742 -1
2.01106 -1
2.35164 -1
0.992934 -1
2.07523 -1
1.79281 -1
1.41019 -1
2.2533 -1
2.17658 -1
1.31015 -1
3.37111 -1
3.69357 -1
1.23349 -1
3.10154 -1
2.86044 -1
2.70291 -1
2.90012 -1
2.27557 -1
2.57321 -1
2.62476 -1
2.64799 -1
1.7259 -1
1.15889 -1
3.42447 -1
4.10161 -1
2.74976 -1
2.72552 -1
1.76669 -1
2.32628 -1
2.59551 -1
2.62166 -1
1.85208 -1
2.57457 -1
1.58425 -1
2.11481 -1
2.20449 -1
2.56289 -1
3.03238 -1
2.30808 -1
2.69397 -1
1.83661 -1
4.18104 -1
1.89745 -1
2.88458 -1
2.87718 -1
1.64124 -1
1.0164 -1
2.58075 -1
4.23417 -1
5.44548 -1
1.76005 -1
1.56959 -1
1.87479 -1
2.33325 -1
2.41976 -1
2.14356 -1
2.39855 -1
1.8849 -1
2.281 -1
2.62662 -1
2.48759 -1
2.13808 -1
3.03834 -1
2.13806 -1
1.60323 -1
1.98068 -1
2.17288 -1
1.71538 -1
2.66938 -1
2.96182 -1
4.12182 -1
4.16714 -1
2.2753 -1
2.23866 -1
1.89245 -1
2.75968 -1
1.90751 -1
3.04292 -1
2.37572 -1
1.30762 -1
2.19287 -1
1.01526 -1
3.14029 -1
1.57325 -1
2.13233 -1
3.12151 -1
2.26798 -1
2.70786 -1
1.63555 -1
1.88308 -1
3.5465 -1
0.994168 -1
2.83851 -1
1.06361 -1
1.81224 -1
2.56904 -1
1.55101 -1
1.21731 -1
2.27402 -1
2.01097 -1
2.07002 -1
2.97242 -1
1.68108 -1
2.6484 -1
1.2953 -1
2.25507 -1
2.14702 -1
1.52038 -1
0.994146 -1
2.43948 -1
1.00227 -1
3.16546 -1
0.99117 -1
2.94752 -1
3.19888 -1
2.80356 -1
3.2249 -1
1.96315 -1
0.989519 -1
2.3677 -1
2.18317 -1
4.67602 -1
4.45776 -1
1.75158 -1
1.55347 -1
1.39159 -1
3.09963 -1
1.95262 -1
1.52688 -1
1.245 -1
2.11332 -1
3.38092 -1
2.29115 -1
2.06298 -1
2.44115 -1
0.990395 -1
3.21207 -1
1.78418 -1
1.00891 -1
2.0377 -1
2.85696 -1
1.11074 -1
1.74887 -1
1.87548 -1
2.49919 -1
1.22509 -1
3.14814 -1
1.74646 -1
0.210631 -1
2.1663 -1
2.43424 -1
2.12769 -1
2.58053 -1
2.59665 -1
2.23249 -1
2.58697 -1
1.74205 -1
2.81229 -1
2.47693 -1
1.48497 -1
2.89037 -1
1.56714 -1
1.3225 -1
1.3861 -1
2.37861 -1
2.17106 -1
2.35119 -1
2.80568 -1
1.8716 -1
1.26789 -1
1.60188 -1
2.07942 -1
0.998486 -1
1.35355 -1
3.84634 -1
1.52741 -1
1.68584 -1
0.988621 -1
1.98264 -1
0.989369 -1
3.75386 -1
2.48351 -1
2.10221 -1
2.24577 -1
2.13137 -1
1.50037 -1
2.37748 -1
2.23456 -1
2.92336 -1
1.95391 -1
2.32099 -1
1.90605 -1
1.77755 -1
2.20199 -1
2.89332 -1
1.07215 -1
1.01151 -1
1.44104 -1
0.998954 -1
1.91198 -1
2.0904 -1
2.16186 -1
1.36631 -1
1.74255 -1
1.66014 -1
1.95881 -1
1.87173 -1
2.10794 -1
2.07591 -1
2.07321 -1
2.96877 -1
2.39415 -1
1.06533 -1
1.79989 -1
2.66969 -1
2.53299 -1
2.24579 -1
2.42097 -1
2.89054 -1
4.04148 -1
3.45402 -1
2.45184 -1
2.16696 -1
2.04879 -1
2.44809 -1
4.011 -1
1.64794 -1
3.01062 -1
0.99965 -1
1.59703 -1
1.80235 -1
1.96017 -1
1.03076 -1
1.62644 -1
1.94348 -1
2.12026 -1
1.36563 -1
1.88171 -1
1.64891 -1
3.86523 -1
1.38843 -1
4.39496 -1
1.86767 -1
1.10534 -1
3.27993 -1
3.53862 -1
4.50818 -1
3.88669 -1
3.33165 -1
1.93572 -1
3.0566 -1
2.223 -1
2.74757 -1
1.85285 -1
2.62017 -1
2.37998 -1
2.68191 -1
2.13815 -1
3.04386 -1
1.62868 -1
1.57683 -1
2.78511 -1
2.00898 -1
2.80876 -1
2.29356 -1
1.38546 -1
1.10929 -1
2.48344 -1
1.61146 -1
2.91242 -1
1.50502 -1
1.69724 -1
1.72059 -1
2.89173 -1
1.61543 -1
0.995773 -1
2.47453 -1
1.49243 -1
1.73701 -1
3.91794 -1
3.10168 -1
3.68246 -1
4.04663 -1
1.30664 -1
1.94138 -1
3.5965 -1
3.51994 -1
1.37613 -1
2.22461 -1
1.01267 -1
0.993529 -1
2.3241 -1
1.67869 -1
1.30426 -1
2.47862 -1
2.19 -1
2.7069 -1
1.55701 -1
2.07769 -1
1.87072 -1
2.41736 -1
2.5444 -1
1.69464 -1
1.14018 -1
2.30391 -1
2.12667 -1
0.986491 -1
1.18751 -1
2.15091 -1
1.30319 -1
2.3112 -1
1.99 -1
2.2715 -1
1.32163 -1
0.933334 -1
2.40956 -1
2.51808 -1
2.0738 -1
1.82874 -1
1.64704 -1
1.20397 -1
1.51997 -1
2.15442 -1
1.53225 -1
1.52151 -1
1.97983 -1
1.71895 -1
2.30381 -1
2.08398 -1
2.08934 -1
1.8103 -1
2.22277 -1
2.6421 -1
2.38674 -1
2.06812 -1
1.95227 -1
2.51825 -1
2.56289 -1
1.00844 -1
2.52486 -1
3.33043 -1
1.35857 -1
2.05257 -1
2.00804 -1
1.50639 -1
1.80891 -1
1.39303 -1
2.87124 -1
2.70208 -1
2.51461 -1
2.06058 -1
1.86759 -1
2.1508 -1
1.82083 -1
1.91204 -1
1.65111 -1
2.80543 -1
2.86287 -1
1.20771 -1
1.45461 -1
1.54751 -1
1.84008 -1
1.12928 -1
2.74964 -1
1.7233 -1
3.89892 -1
2.14113 -1
1.57807 -1
0.989001 -1
3.58082 -1
1.31086 -1
1.30965 -1
2.73865 -1
1.37788 -1
1.00255 -1
1.86108 -1
1.68217 -1
1.25093 -1
4.12122 -1
2.17526 -1
2.71198 -1
2.33582 -1
2.34642 -1
3.61151 -1
1.86727 -1
1.83529 -1
1.2474 -1
3.06825 -1
2.10352 -1
3.5245 -1
3.96326 -1
2.33642 -1
2.60119 -1
2.76131 -1
4.40707 -1
2.34232 -1
4.33157 -1
1.03265 -1
1.82018 -1
1.90388 -1
1.57296 -1
1.9045 -1
2.59761 -1
3.95785 -1
1.69791 -1
4.13132 -1
4.72619 -1
3.59053 -1
2.62818 -1
2.70096 -1
2.66558 -1
3.53093 -1
1.8747 -1
3.36215 -1
1.91147 -1
3.64026 -1
4.05371 -1
2.95796 -1
2.60031 -1
3.69021 -1
3.91265 -1
2.49123 -1
2.7677 -1
1.4326 -1
2.39556 -1
2.15953 -1
2.53648 -1
3.27848 -1
3.11267 -1
3.66482 -1
1.82906 -1
3.47404 -1
3.09751 -1
3.47648 -1
1.16912 -1
3.73045 -1
2.82769 -1
2.63692 -1
2.22594 -1
3.3199 -1
2.71352 -1
1.85869 -1
1.93442 -1
4.08577 -1
2.22959 -1
1.30993 -1
2.94371 -1
2.3967 -1
1.56129 -1
2.26654 -1
2.6844 -1
3.41322 -1
3.38892 -1
3.40359 -1
3.1381 -1
3.5578 -1
2.69499 -1
1.98572 -1
3.43177 -1
3.15971 -1
2.15622 -1
3.2099 -1
3.06072 -1
3.3642 -1
1.81489 -1
2.5329 -1
2.98806 -1
3.46772 -1
3.10708 -1
1.9083 -1
1.97627 -1
2.54926 -1
1.1253 -1
1.50699 -1
1.91261 -1
1.68452 -1
2.78325 -1
2.65866 -1
2.50899 -1
3.6885 -1
4.22477 -1
1.35998 -1
4.22219 -1
2.25031 -1
2.15531 -1
2.39923 -1
1.40682 -1
2.11046 -1
2.56141 -1
2.25664 -1
2.03022 -1
1.55401 -1
2.06963 -1
2.39256 -1
1.41341 -1
1.61287 -1
1.75202 -1
2.18776 -1
2.61478 -1
2.15484 -1
4.23614 -1
2.59451 -1
1.8394 -1
1.66406 -1
3.09527 -1
2.3608 -1
1.68191 -1
2.49033 -1
1.39427 -1
2.16161 -1
1.49939 -1
1.01177 -1
1.36952 -1
0.991448 -1
1.28601 -1
1.41126 -1
3.77228 -1
1.94112 -1
2.21793 -1
1.32157 -1
2.9284 -1
2.50821 -1
1.85525 -1
1.52814 -1
1.22998 -1
1.45896 -1
2.83433 -1
1.85423 -1
1.7265 -1
1.97201 -1
2.72596 -1
2.50494 -1
1.05339 -1
2.56511 -1
2.85045 -1
2.40909 -1
2.52113 -1
1.397 -1
2.61868 -1
1.35583 -1
2.95044 -1
2.37617 -1
2.59195 -1
0.996136 -1
2.86257 -1
1.8679 -1
2.49253 -1
1.73689 -1
2.11719 -1
1.19171 -1
2.304 -1
3.02225 -1
3.14343 -1
2.59268 -1
1.8632 -1
1.02886 -1
1.00346 -1
1.83674 -1
1.46925 -1
1.36793 -1
1.00882 -1
3.19134 -1
2.45811 -1
1.75422 -1
1.19151 -1
2.60719 -1
1.31925 -1
2.20695 -1
1.61893 -1
1.14292 -1
2.0055 -1
1.21542 -1
2.36918 -1
4.20638 -1
1.4016 -1
1.93728 -1
1.67611 -1
1.1668 -1
1.59469 -1
2.22731 -1
1.00981 -1
1.20871 -1
1.02435 -1
1.54887 -1
1.82735 -1
3.26036 -1
1.34535 -1
1.4118 -1
2.73959 -1
3.06263 -1
2.18659 -1
2.79155 -1
1.47575 -1
1.53425 -1
1.06482 -1
1.32984 -1
2.88939 -1
2.19526 -1
2.39014 -1
2.40235 -1
1.16135 -1
0.992355 -1
2.37467 -1
2.22592 -1
2.51807 -1
1.79744 -1
1.47594 -1
2.05881 -1
1.47665 -1
4.03132 -1
3.08157 -1
1.23226 -1
2.08115 -1
1.38434 -1
1.96436 -1
1.13195 -1
4.53932 -1
2.75924 -1
1.38051 -1
0.990638 -1
1.38068 -1
1.22153 -1
1.02695 -1
1.083 -1
1.42403 -1
1.67445 -1
1.7043 -1
1.829 -1
2.3804 -1
2.51481 -1
2.26168 -1
1.40727 -1
1.86237 -1
3.68524 -1
1.98317 -1
1.07521 -1
2.65786 -1
2.71239 -1
2.64466 -1
4.46149 -1
1.22928 -1
2.09387 -1
2.22222 -1
2.06775 -1
2.11281 -1
1.53357 -1
2.51099 -1
1.29899 -1
3.36044 -1
1.59113 -1
3.49952 -1
1.84105 -1
0.75534 -1
1.04826 -1
4.26133 -1
1.63004 -1
0.988839 -1
1.84224 -1
1.67436 -1
1.66584 -1
3.9032 -1
1.71957 -1
3.36354 -1
2.31406 -1
2.29537 -1
2.06273 -1
1.14218 -1
3.42999 -1
3.6484 -1
1.53062 -1
2.37877 -1
2.17522 -1
1.43381 -1
2.898 -1
3.21495 -1
0.993021 -1
1.89523 -1
0.56481 -1
1.7195 -1
1.77349 -1
1.68836 -1
1.54936 -1
2.92226 -1
3.39862 -1
2.4864 -1
3.63575 -1
1.26504 -1
3.88798 -1
0.996391 -1
1.3689 -1
2.94128 -1
1.00168 -1
0.997952 -1
3.1571 -1
2.20218 -1
2.144 -1
0.993578 -1
2.13908 -1
1.29679 -1
1.50188 -1
2.16993 -1
2.43484 -1
1.88904 -1
1.5247 -1
1.69125 -1
2.04685 -1
1.76918 -1
1.9866 -1
2.03005 -1
3.95696 -1
1.47751 -1
3.64568 -1
3.11705 -1
4.12592 -1
3.65934 -1
2.39668 -1
1.67672 -1
2.77218 -1
3.87479 -1
3.6635 -1
3.60315 -1
4.86916 -1
2.27035 -1
2.21744 -1
2.24313 -1
1.00078 -1
2.21007 -1
1.05687 -1
1.76979 -1
2.84989 -1
2.7655 -1
3.04669 -1
2.79199 -1
2.44104 -1
2.66097 -1
3.08577 -1
3.34637 -1
2.95123 -1
2.04651 -1
2.66124 -1
2.95979 -1
3.41359 -1
4.3117 -1
2.44398 -1
1.50646 -1
1.0103 -1
3.1478 -1
2.44779 -1
3.67411 -1
2.63115 -1
2.7766 -1
2.2139 -1
3.19174 -1
2.80163 -1
2.85812 -1
2.42324 -1
1.91444 -1
1.89415 -1
3.52848 -1
2.90639 -1
1.53883 -1
2.12274 -1
2.70384 -1
0.995532 -1
1.00056 -1
2.00008 -1
4.25068 -1
3.13186 -1
2.73722 -1
0.999295 -1
2.04113 -1
1.83243 -1
1.85544 -1
2.17304 -1
0.99718 -1
1.9636 -1
1.83346 -1
2.72879 -1
1.03332 -1
2.35129 -1
2.15148 -1
1.00949 -1
2.33178 -1
1.53784 -1
1.03412 -1
2.3445 -1
1.92843 -1
1.88634 -1
2.16934 -1
2.96462 -1
3.55535 -1
2.55327 -1
0.996131 -1
2.57452 -1
3.96741 -1
1.27071 -1
3.2869 -1
2.35598 -1
2.69539 -1
1.64248 -1
3.10144 -1
2.17044 -1
2.17288 -1
4.20525 -1
2.41746 -1
2.6605 -1
2.48763 -1
2.60011 -1
3.81149 -1
2.95359 -1
2.40579 -1
1.88392 -1
2.08603 -1
2.108 -1
2.73654 -1
3.69604 -1
2.35294 -1
2.56087 -1
2.32354 -1
2.95029 -1
2.93301 -1
3.16035 -1
2.03753 -1
2.97977 -1
3.86666 -1
3.88557 -1
1.60783 -1
2.90849 -1
4.19219 -1
2.16735 -1
2.16468 -1
2.39057 -1
1.74714 -1
1.21468 -1
1.82127 -1
2.52048 -1
1.79799 -1
1.78771 -1
1.98848 -1
2.12705 -1
1.71482 -1
2.54859 -1
2.36622 -1
1.26435 -1
2.6479 -1
3.0198 -1
2.1111 -1
1.36914 -1
2.51574 -1
2.12282 -1
1.93234 -1
2.03519 -1
2.45491 -1
3.01087 -1
2.35178 -1
2.06656 -1
2.37369 -1
2.27996 -1
1.07919 -1
2.86802 -1
1.09424 -1
2.22277 -1
1.87583 -1
2.29268 -1
1.86883 -1
1.00173 -1
1.92389 -1
1.7997 -1
0.996033 -1
2.63716 -1
3.47055 -1
3.31773 -1
3.96458 -1
2.6129 -1
2.79258 -1
1.81173 -1
3.4961 -1
2.52339 -1
3.99659 -1
2.2029 -1
2.39112 -1
2.52703 -1
2.39282 -1
3.37917 -1
1.9966 -1
2.13785 -1
2.86338 -1
3.01676 -1
2.96845 -1
2.28689 -1
2.06352 -1
1.65014 -1
1.56717 -1
1.22514 -1
3.04671 -1
2.17855 -1
3.01183 -1
2.49825 -1
2.21907 -1
1.76351 -1
1.81725 -1
2.03267 -1
2.05068 -1
1.95369 -1
3.18561 -1
1.20445 -1
2.27109 -1
1.336 -1
1.84436 -1
2.22154 -1
2.92555 -1
2.81057 -1
1.65382 -1
3.0332 -1
2.53129 -1
1.69461 -1
4.09825 -1
2.71894 -1
2.24133 -1
1.15002 -1
2.00183 -1
2.85833 -1
1.99032 -1
2.4247 -1
2.02854 -1
2.22795 -1
2.37897 -1
3.40251 -1
1.76347 -1
1.77138 -1
2.47917 -1
3.34673 -1
3.12694 -1
2.68883 -1
2.52612 -1
2.596 -1
1.92059 -1
2.26227 -1
1.75261 -1
2.23543 -1
1.04989 -1
2.55209 -1
1.35979 -1
2.51101 -1
1.15865 -1
2.06122 -1
2.81993 -1
3.19972 -1
2.11023 -1
2.12492 -1
1.91694 -1
1.83917 -1
1.55352 -1
1.94294 -1
0.990145 -1
2.08777 -1
1.47046 -1
1.78525 -1
1.73187 -1
2.13451 -1
2.81355 -1
1.98828 -1
1.86012 -1
1.783 -1
2.37526 -1
1.12583 -1
3.09479 -1
1.59898 -1
1.92778 -1
2.4192 -1
2.15943 -1
1.93007 -1
1.1607 -1
0.996838 -1
2.55353 -1
2.29271 -1
2.83072 -1
1.58707 -1
2.96796 -1
1.39977 -1
1.52485 -1
1.82754 -1
1.44699 -1
1.06532 -1
0.99298 -1
1.99597 -1
0.995823 -1
3.95219 -1
2.02854 -1
3.09684 -1
2.57773 -1
2.19257 -1
1.75913 -1
3.56581 -1
0.997159 -1
2.92752 -1
1.84098 -1
3.31178 -1
1.32255 -1
1.00264 -1
1.00294 -1
2.87014 -1
1.92868 -1
1.06776 -1
1.57343 -1
1.46529 -1
1.72148 -1
3.44687 -1
2.83038 -1
2.51249 -1
1.01094 -1
1.95042 -1
2.91811 -1
2.42013 -1
2.2192 -1
1.9521 -1
3.27667 -1
2.38393 -1
2.82316 -1
3.53782 -1
3.33973 -1
2.79325 -1
2.13694 -1
3.19768 -1
1.93762 -1
1.92535 -1
1.95922 -1
2.01258 -1
3.01459 -1
1.53294 -1
2.68333 -1
1.78269 -1
1.81123 -1
2.23431 -1
1.54468 -1
2.17958 -1
4.5977 -1
3.42616 -1
1.4739 -1
2.74802 -1
2.54481 -1
2.00806 -1
3.65871 -1
3.24207 -1
3.13469 -1
1.74673 -1
3.30533 -1
1.74727 -1
2.00396 -1
3.86036 -1
1.87434 -1
4.06443 -1
2.79489 -1
3.06916 -1
2.70058 -1
2.23622 -1
2.94292 -1
3.35398 -1
3.64151 -1
2.74735 -1
1.75294 -1
2.29785 -1
1.87068 -1
2.42957 -1
2.14352 -1
1.52415 -1
2.90775 -1
2.18347 -1
2.0502 -1
1.32592 -1
2.26412 -1
1.77514 -1
1.27622 -1
1.0862 -1
3.44 -1
1.00637 -1
3.84319 -1
1.66164 -1
2.87798 -1
2.39183 -1
1.27629 -1
2.47803 -1
1.82136 -1
1.66058 -1
1.8332 -1
2.50592 -1
3.42097 -1
1.91873 -1
1.72756 -1
2.02927 -1
2.09364 -1
3.20995 -1
1.53133 -1
3.86867 -1
2.4645 -1
2.61319 -1
3.38193 -1
3.21048 -1
2.58195 -1
3.29006 -1
2.06593 -1
1.01996 -1
1.18011 -1
1.38886 -1
0.992983 -1
1.33557 -1
1.17606 -1
2.85718 -1
3.00976 -1
2.08478 -1
4.00364 -1
1.01013 -1
2.79211 -1
0.995616 -1
2.44212 -1
3.88018 -1
3.74217 -1
1.26771 -1
1.98639 -1
0.990277 -1
3.28385 -1
2.12118 -1
2.51532 -1
2.82182 -1
0.997201 -1
0.998525 -1
2.40162 -1
1.80685 -1
3.82834 -1
2.40087 -1
1.97042 -1
1.14373 -1
3.29774 -1
2.37994 -1
1.90921 -1
3.66535 -1
3.21302 -1
1.67838 -1
2.50363 -1
1.45324 -1
2.62142 -1
3.06448 -1
4.64819 -1
2.53736 -1
1.56282 -1
2.42722 -1
2.33687 -1
1.00301 -1
1.95692 -1
2.28803 -1
1.82006 -1
3.34775 -1
2.67705 -1
1.96852 -1
1.59304 -1
3.20398 -1
3.26533 -1
1.36392 -1
2.1412 -1
4.11947 -1
3.22409 -1
3.39802 -1
3.70974 -1
2.21152 -1
1.95528 -1
4.81009 -1
4.06963 -1
2.27515 -1
2.77182 -1
1.85949 -1
1.87805 -1
2.29474 -1
1.58906 -1
2.61108 -1
2.72949 -1
2.52277 -1
2.43358 -1
2.47597 -1
2.43968 -1
2.46025 -1
3.00368 -1
2.16619 -1
1.72197 -1
3.26394 -1
2.06833 -1
3.16758 -1
3.32692 -1
2.84677 -1
4.78945 -1
1.60288 -1
3.01373 -1
1.92631 -1
1.82211 -1
2.3312 -1
2.65426 -1
2.41613 -1
2.71067 -1
2.23465 -1
4.26573 -1
3.35342 -1
2.30071 -1
1.9524 -1
2.07548 -1
2.28472 -1
1.28126 -1
2.34876 -1
2.727 -1
2.95531 -1
2.37756 -1
2.69878 -1
3.95474 -1
2.23586 -1
3.43046 -1
3.089 -1
4.80255 -1
4.81576 -1
1.70147 -1
3.46615 -1
3.48316 -1
3.42764 -1
4.03413 -1
1.90346 -1
1.42363 -1
4.37429 -1
1.91797 -1
2.46 -1
2.46353 -1
2.59624 -1
3.9889 -1
2.25093 -1
1.83401 -1
2.24578 -1
2.60071 -1
2.79688 -1
3.03794 -1
2.91311 -1
2.71768 -1
2.64691 -1
2.46405 -1
1.54535 -1
2.60997 -1
1.7795 -1
1.00328 -1
3.16611 -1
1.17633 -1
2.0708 -1
0.996126 -1
1.8962 -1
2.42757 -1
1.60873 -1
1.78184 -1
1.32797 -1
1.5298 -1
2.69533 -1
1.79723 -1
2.36874 -1
3.16676 -1
1.58317 -1
1.25012 -1
2.49518 -1
3.07839 -1
1.45019 -1
2.7885 -1
1.00058 -1
2.19518 -1
2.19487 -1
2.13078 -1
1.9312 -1
1.55581 -1
2.32127 -1
2.35222 -1
1.87872 -1
1.74213 -1
1.11884 -1
1.80511 -1
2.4449 -1
2.49764 -1
2.77287 -1
2.26768 -1
2.205 -1
2.52772 -1
3.04682 -1
3.10277 -1
2.54593 -1
2.78132 -1
2.23062 -1
2.70697 -1
3.76934 -1
3.64183 -1
2.41114 -1
2.07784 -1
2.07952 -1
2.94373 -1
1.89386 -1
3.29815 -1
2.88947 -1
3.44544 -1
3.01863 -1
3.3781 -1
3.53193 -1
3.50277 -1
1.49105 -1
4.22857 -1
2.96487 -1
1.80542 -1
3.68502 -1
3.33562 -1
1.84973 -1
2.17169 -1
3.86806 -1
2.43324 -1
2.67097 -1
3.32612 -1
1.97669 -1
3.07163 -1
3.4027 -1
1.81674 -1
1.23303 -1
2.09044 -1
2.06804 -1
2.28224 -1
3.40958 -1
2.96512 -1
2.8359 -1
2.20066 -1
3.44625 -1
1.774 -1
2.30818 -1
2.56815 -1
1.39608 -1
3.46347 -1
2.42782 -1
3.80118 -1
3.39236 -1
2.95618 -1
1.71675 -1
3.20545 -1
3.55328 -1
1.79109 -1
2.53401 -1
3.45426 -1
3.14685 -1
3.4268 -1
2.73229 -1
2.15499 -1
2.37889 -1
2.32198 -1
3.39857 -1
3.73666 -1
2.59127 -1
1.67154 -1
2.25403 -1
1.00996 -1
2.45631 -1
1.02532 -1
2.71806 -1
1.62902 -1
2.39627 -1
1.88539 -1
1.31818 -1
2.04679 -1
1.36802 -1
1.59412 -1
1.42791 -1
1.75099 -1
1.70837 -1
1.42558 -1
0.990137 -1
1.77313 -1
1.72406 -1
1.78944 -1
1.33869 -1
1.43348 -1
2.75543 -1
2.27333 -1
2.04387 -1
1.91491 -1
1.6664 -1
1.3622 -1
1.75732 -1
3.79737 -1
1.17709 -1
1.95976 -1
3.88428 -1
1.57322 -1
2.09174 -1
2.40675 -1
1.56002 -1
1.91274 -1
1.36395 -1
1.89241 -1
2.02861 -1
1.43334 -1
2.0947 -1
0.985251 -1
2.47272 -1
2.82357 -1
2.36555 -1
2.36274 -1
1.33872 -1
2.04102 -1
1.96096 -1
1.70632 -1
2.49604 -1
1.19204 -1
1.76781 -1
2.7579 -1
1.08168 -1
1.26074 -1
2.14743 -1
1.82393 -1
2.13338 -1
1.6781 -1
1.97911 -1
1.5348 -1
2.25456 -1
1.67353 -1
1.51592 -1
1.75124 -1
0.989241 -1
1.44008 -1
1.73448 -1
2.1641 -1
1.39091 -1
1.90965 -1
2.73333 -1
1.57507 -1
2.68092 -1
1.71325 -1
1.96843 -1
2.98439 -1
2.0126 -1
1.83145 -1
2.27326 -1
1.94217 -1
2.86699 -1
3.16186 -1
2.92361 -1
3.26197 -1
2.44932 -1
2.27282 -1
3.86617 -1
2.12506 -1
2.84904 -1
2.08993 -1
2.69267 -1
3.72718 -1
2.54495 -1
2.9003 -1
0.997615 -1
2.66362 -1
2.56366 -1
3.22828 -1
2.45277 -1
4.34569 -1
2.05065 -1
3.11238 -1
3.80244 -1
2.08525 -1
2.1999 -1
1.36754 -1
2.73437 -1
3.43129 -1
2.96881 -1
1.55116 -1
2.39192 -1
1.23178 -1
2.63517 -1
1.96229 -1
3.54972 -1
3.81509 -1
4.26473 -1
2.7209 -1
1.92782 -1
4.22168 -1
4.22234 -1
2.1972 -1
2.4089 -1
3.48342 -1
2.01288 -1
1.00545 -1
1.37366 -1
1.85461 -1
2.70824 -1
2.23651 -1
1.17647 -1
1.6302 -1
1.79359 -1
1.87527 -1
1.05419 -1
1.41097 -1
1.56974 -1
1.47704 -1
3.0008 -1
2.86396 -1
2.11968 -1
3.96503 -1
0.996204 -1
1.35618 -1
1.98848 -1
1.87188 -1
4.39822 -1
3.51118 -1
3.46472 -1
3.08536 -1
2.29339 -1
3.89522 -1
3.32164 -1
4.791 -1
1.6999 -1
2.18821 -1
1.79527 -1
1.53948 -1
2.2201 -1
3.12379 -1
2.21486 -1
1.57023 -1
2.80968 -1
2.11833 -1
1.71168 -1
2.97635 -1
1.23404 -1
2.00472 -1
1.74355 -1
0.992018 -1
2.01173 -1
2.31593 -1
3.20868 -1
1.72636 -1
2.45341 -1
2.45795 -1
2.22892 -1
1.75743 -1
2.11735 -1
2.23625 -1
1.759 -1
1.67325 -1
0.992099 -1
1.8911 -1
2.86775 -1
1.37751 -1
0.986112 -1
2.12659 -1
4.29872 -1
2.22785 -1
2.68231 -1
1.48744 -1
4.62294 -1
3.23808 -1
1.90268 -1
2.74191 -1
2.36889 -1
1.66322 -1
2.00417 -1
1.53004 -1
2.15639 -1
3.31734 -1
2.80082 -1
2.3618 -1
2.3927 -1
1.01188 -1
1.00052 -1
2.58596 -1
1.09976 -1
2.0748 -1
1.22363 -1
2.35801 -1
1.45818 -1
0.993109 -1
1.5972 -1
1.31489 -1
1.55922 -1
2.8611 -1
4.14571 -1
1.18707 -1
1.53718 -1
2.7376 -1
1.62908 -1
1.62823 -1
3.20337 -1
2.94186 -1
1.71038 -1
3.03401 -1
3.40956 -1
3.32578 -1
3.33683 -1
3.27972 -1
2.75043 -1
3.84325 -1
3.29725 -1
2.72488 -1
1.95935 -1
1.52383 -1
1.72242 -1
2.1576 -1
2.64013 -1
2.345 -1
3.08775 -1
3.24926 -1
1.67704 -1
2.8452 -1
2.09693 -1
2.5486 -1
0.991861 -1
4.10947 -1
4.29623 -1
2.61846 -1
0.992335 -1
1.37983 -1
1.6507 -1
2.02874 -1
1.19024 -1
1.68396 -1
2.61566 -1
3.02548 -1
2.82248 -1
1.01778 -1
3.12169 -1
4.68104 -1
3.28989 -1
1.01704 -1
2.31299 -1
2.98534 -1
3.12458 -1
1.50725 -1
2.69729 -1
2.86429 -1
2.5618 -1
2.12293 -1
3.71295 -1
1.9096 -1
1.00406 -1
1.42893 -1
1.35711 -1
3.35681 -1
2.2969 -1
2.51708 -1
1.52233 -1
1.05058 -1
1.58727 -1
2.89423 -1
0.991638 -1
1.2906 -1
1.70958 -1
1.67466 -1
1.9012 -1
2.85635 -1
0.990878 -1
2.22095 -1
2.38189 -1
1.40609 -1
1.84532 -1
1.13317 -1
1.56497 -1
1.50983 -1
1.47367 -1
1.65187 -1
2.34144 -1
2.19287 -1
1.92163 -1
1.8051 -1
3.70841 -1
2.9582 -1
2.76511 -1
2.56806 -1
3.91625 -1
3.47911 -1
4.19473 -1
3.81965 -1
3.78905 -1
1.90201 -1
2.38221 -1
2.29741 -1
1.99902 -1
3.09886 -1
2.76483 -1
3.76562 -1
3.24899 -1
3.06518 -1
2.30724 -1
3.41783 -1
2.12814 -1
2.62332 -1
0.992155 -1
2.39287 -1
2.96032 -1
4.31331 -1
1.50436 -1
2.05417 -1
3.28139 -1
2.57344 -1
2.64347 -1
3.24016 -1
2.17185 -1
2.37741 -1
2.28627 -1
3.52286 -1
1.81285 -1
3.17676 -1
0.988404 -1
4.18729 -1
1.01352 -1
2.27649 -1
2.57279 -1
3.53353 -1
3.74149 -1
3.31245 -1
2.88386 -1
0.993572 -1
0.995171 -1
0.479354 -1
2.81907 -1
2.69382 -1
2.11106 -1
2.20863 -1
3.50465 -1
1.96666 -1
1.1917 -1
1.0178 -1
2.62522 -1
3.66426 -1
3.47194 -1
1.74927 -1
3.26513 -1
2.34547 -1
2.0582 -1
1.58197 -1
1.41071 -1
1.59778 -1
1.47643 -1
1.00865 -1
1.22376 -1
2.11243 -1
1.97835 -1
2.40304 -1
2.26894 -1
1.53032 -1
1.8487 -1
2.71309 -1
2.31689 -1
3.70053 -1
2.35082 -1
3.80424 -1
1.00931 -1
3.22682 -1
2.02065 -1
1.21586 -1
2.81139 -1
1.07819 -1
1.10356 -1
2.09929 -1
3.62253 -1
1.55227 -1
1.94876 -1
3.46598 -1
1.82503 -1
3.17154 -1
2.6156 -1
2.27078 -1
1.26384 -1
1.71812 -1
2.4698 -1
2.87484 -1
2.54365 -1
1.29927 -1
2.28688 -1
1.65626 -1
1.96992 -1
3.23574 -1
1.43136 -1
1.90642 -1
1.80801 -1
1.74918 -1
1.35962 -1
0.874305 -1
2.51143 -1
2.17123 -1
0.991616 -1
1.91147 -1
1.64633 -1
1.99729 -1
1.44927 -1
1.73409 -1
1.08173 -1
2.70795 -1
2.06981 -1
2.93434 -1
1.91385 -1
3.58037 -1
2.95657 -1
1.33619 -1
1.33243 -1
2.94532 -1
1.95423 -1
2.61738 -1
1.78203 -1
2.61375 -1
1.87756 -1
1.94783 -1
1.06361 -1
1.00382 -1
2.81545 -1
2.69904 -1
4.03563 -1
2.54326 -1
1.97206 -1
1.81023 -1
1.4871 -1
3.16324 -1
2.5205 -1
1.78304 -1
2.93113 -1
2.32382 -1
2.58927 -1
1.53307 -1
1.20539 -1
1.96717 -1
1.77164 -1
2.23568 -1
1.95757 -1
2.34232 -1
1.62382 -1
1.89116 -1
2.04961 -1
2.08218 -1
1.2345 -1
1.96029 -1
2.71185 -1
1.63598 -1
1.7945 -1
2.07157 -1
1.35666 -1
2.55296 -1
1.98406 -1
2.29147 -1
2.07509 -1
2.30471 -1
2.2129 -1
2.37422 -1
2.66092 -1
4.63731 -1
2.4693 -1
1.33613 -1
1.00792 -1
1.62178 -1
2.42587 -1
2.18538 -1
2.48726 -1
1.01161 -1
1.27635 -1
3.11218 -1
2.27323 -1
1.98226 -1
2.02842 -1
1.76447 -1
1.92081 -1
1.73829 -1
2.09294 -1
2.39215 -1
2.03421 -1
1.66422 -1
2.31411 -1
3.2913 -1
2.4889 -1
1.33409 -1
1.57343 -1
3.16567 -1
2.56721 -1
1.57921 -1
2.764 -1
2.8403 -1
1.94622 -1
1.46762 -1
1.90684 -1
1.27893 -1
1.85324 -1
1.66292 -1
0.993927 -1
3.29414 -1
3.23604 -1
2.28054 -1
1.00358 -1
2.17273 -1
1.53037 -1
0.993705 -1
3.24439 -1
3.04275 -1
4.48115 -1
2.07046 -1
2.92848 -1
2.37918 -1
1.96285 -1
2.29174 -1
1.76998 -1
1.97531 -1
2.14846 -1
2.38437 -1
2.914 -1
1.8137 -1
2.31125 -1
1.90712 -1
2.07207 -1
2.06267 -1
0.992246 -1
1.86322 -1
1.72865 -1
1.8332 -1
2.07679 -1
1.81672 -1
2.29895 -1
2.65277 -1
2.65831 -1
3.01558 -1
1.70913 -1
1.58538 -1
1.48474 -1
2.77458 -1
1.95567 -1
2.94249 -1
2.18584 -1
2.00866 -1
2.52573 -1
3.25496 -1
1.70718 -1
1.94185 -1
2.89508 -1
2.05425 -1
2.65515 -1
1.30564 -1
1.77249 -1
2.0271 -1
2.61647 -1
1.99333 -1
2.40297 -1
2.39515 -1
3.28275 -1
3.09313 -1
2.67675 -1
2.95133 -1
1.5918 -1
2.12139 -1
2.27878 -1
1.52951 -1
2.31558 -1
1.70583 -1
1.74016 -1
1.81883 -1
1.94616 -1
3.1326 -1
2.11496 -1
1.00263 -1
1.35114 -1
2.10127 -1
0.996229 -1
2.34958 -1
2.52315 -1
2.80964 -1
1.72776 -1
2.40531 -1
1.50111 -1
0.994322 -1
2.50142 -1
0.990376 -1
1.22179 -1
1.68224 -1
2.16517 -1
1.0025 -1
1.25554 -1
1.00664 -1
0.988843 -1
2.04747 -1
1.12778 -1
2.8461 -1
1.06005 -1
1.29608 -1
1.97364 -1
1.56413 -1
2.13093 -1
3.02596 -1
3.33664 -1
0.986166 -1
1.83972 -1
1.00671 -1
2.22284 -1
1.34391 -1
1.06825 -1
2.18813 -1
2.58819 -1
2.28374 -1
2.60685 -1
2.09586 -1
1.58611 -1
2.1409 -1
1.00762 -1
0.993396 -1
2.20149 -1
1.33581 -1
2.05323 -1
3.69305 -1
2.70751 -1
1.59323 -1
2.717 -1
2.13656 -1
1.20203 -1
1.98818 -1
2.01985 -1
1.80625 -1
2.24206 -1
1.96772 -1
0.999958 -1
1.01073 -1
1.47819 -1
1.2553 -1
2.44901 -1
2.02171 -1
1.48637 -1
1.68153 -1
1.86895 -1
2.7129 -1
3.4845 -1
2.69621 -1
2.76376 -1
2.07303 -1
2.31421 -1
2.0925 -1
1.75162 -1
1.91601 -1
2.60545 -1
1.85655 -1
2.52957 -1
1.41667 -1
2.29458 -1
2.29673 -1
2.22391 -1
1.85571 -1
0.989931 -1
0.996312 -1
1.72783 -1
1.42321 -1
2.40457 -1
2.21408 -1
2.0086 -1
2.1787 -1
2.07052 -1
1.9086 -1
0.999745 -1
1.87208 -1
2.75191 -1
2.21521 -1
2.37427 -1
1.61758 -1
2.38746 -1
1.81142 -1
2.04803 -1
1.36754 -1
2.05509 -1
1.22289 -1
1.55305 -1
2.39374 -1
1.86341 -1
1.9119 -1
3.05493 -1
1.40062 -1
1.98521 -1
1.50172 -1
1.29668 -1
1.00165 -1
3.12093 -1
3.21767 -1
2.14723 -1
1.7951 -1
2.26013 -1
1.52039 -1
1.91336 -1
1.19184 -1
2.25361 -1
2.18482 -1
3.02449 -1
1.86705 -1
2.06158 -1
2.92091 -1
2.09477 -1
1.7381 -1
1.49872 -1
1.88181 -1
3.08345 -1
1.56412 -1
2.32962 -1
2.50849 -1
1.01229 -1
3.44394 -1
1.6857 -1
1.92256 -1
3.08338 -1
1.31783 -1
1.88237 -1
1.21933 -1
1.08064 -1
2.42626 -1
1.78608 -1
1.03097 -1
2.082 -1
2.24186 -1
1.08913 -1
1.72129 -1
1.25907 -1
1.86103 -1
1.3239 -1
1.75973 -1
1.92892 -1
2.13025 -1
2.02916 -1
2.18773 -1
1.81893 -1
1.65751 -1
1.41791 -1
2.70524 -1
3.02503 -1
1.83248 -1
1.67113 -1
2.05146 -1
1.0923 -1
0.993258 -1
1.76938 -1
2.63975 -1
2.23206 -1
1.659 -1
2.06146 -1
1.76769 -1
2.69223 -1
1.70527 -1
2.38314 -1
1.45104 -1
1.25857 -1
2.48198 -1
1.72429 -1
1.6118 -1
2.51668 -1
2.08052 -1
1.47439 -1
1.2624 -1
1.84262 -1
1.78602 -1
2.0599 -1
2.79146 -1
2.35175 -1
2.80697 -1
1.91316 -1
2.27535 -1
2.72164 -1
1.72112 -1
1.52757 -1
2.41569 -1
1.1589 -1
1.46359 -1
2.47556 -1
1.01036 -1
1.0762 -1
1.70973 -1
1.6558 -1
1.3073 -1
2.51866 -1
1.75894 -1
2.12498 -1
2.99037 -1
1.59043 -1
1.68468 -1
2.48512 -1
2.43582 -1
1.70143 -1
2.37059 -1
1.20092 -1
1.61906 -1
1.59516 -1
1.035 -1
2.30628 -1
2.16487 -1
2.08566 -1
2.39542 -1
1.53159 -1
1.6516 -1
1.1683 -1
2.13833 -1
1.53392 -1
1.30387 -1
2.21366 -1
1.55047 -1
1.72223 -1
1.77903 -1
1.64717 -1
1.46659 -1
1.85448 -1
2.50597 -1
1.36914 -1
2.46921 -1
2.31525 -1
1.44286 -1
2.15424 -1
1.9856 -1
1.94613 -1
2.08502 -1
1.86097 -1
1.15807 -1
1.65721 -1
2.24388 -1
1.27121 -1
1.38714 -1
2.57324 -1
1.94054 -1
1.83571 -1
2.13981 -1
1.73966 -1
1.58741 -1
1.79328 -1
1.04939 -1
1.6338 -1
1.73258 -1
1.98951 -1
1.534 -1
2.48816 -1
1.85765 -1
1.67176 -1
1.66452 -1
2.06877 -1
1.66685 -1
1.80841 -1
1.90476 -1
1.79065 -1
1.49114 -1
1.78881 -1
2.29316 -1
3.21393 -1
2.2756 -1
2.03001 -1
1.73886 -1
3.35233 -1
3.39436 -1
2.49722 -1
1.057 -1
2.11589 -1
1.39944 -1
1.72745 -1
1.4078 -1
2.15326 -1
1.75729 -1
2.00545 -1
2.16575 -1
2.17513 -1
2.44097 -1
2.55734 -1
1.71009 -1
1.82274 -1
1.18212 -1
2.07185 -1
2.11306 -1
2.12987 -1
2.44591 -1
0.992779 -1
1.87948 -1
1.3312 -1
2.06572 -1
2.0834 -1
1.75837 -1
1.8371 -1
1.75358 -1
2.82216 -1
1.74888 -1
2.18153 -1
1.42675 -1
1.96764 -1
1.66924 -1
2.13732 -1
2.45981 -1
1.37827 -1
2.39473 -1
2.13451 -1
2.95396 -1
2.04877 -1
1.59585 -1
1.51127 -1
2.59284 -1
1.8041 -1
2.33782 -1
0.987005 -1
2.57724 -1
1.88113 -1
2.35492 -1
0.992169 -1
1.09799 -1
1.94913 -1
1.8662 -1
1.00232 -1
1.39092 -1
1.93044 -1
2.17965 -1
1.27645 -1
1.98902 -1
1.24477 -1
2.39292 -1
2.39072 -1
2.63314 -1
1.06726 -1
2.61661 -1
2.44902 -1
2.07532 -1
1.61399 -1
2.11258 -1
1.27111 -1
1.01059 -1
2.114 -1
1.79578 -1
1.49999 -1
1.90088 -1
1.62141 -1
1.01157 -1
2.35806 -1
1.73925 -1
2.29965 -1
1.00638 -1
2.67025 -1
1.12024 -1
1.56516 -1
1.19965 -1
2.57723 -1
2.32747 -1
1.53078 -1
2.03041 -1
2.31345 -1
3.10325 -1
1.12641 -1
1.7523 -1
2.10089 -1
2.11743 -1
1.90412 -1
2.74285 -1
2.39501 -1
1.45263 -1
2.70118 -1
2.84612 -1
2.55554 -1
1.85107 -1
1.97916 -1
2.46883 -1
1.83038 -1
2.62066 -1
1.97134 -1
2.30234 -1
1.01214 -1
3.23716 -1
1.13383 -1
0.988704 -1
1.45045 -1
1.68415 -1
0.991172 -1
2.12237 -1
1.46471 -1
1.56602 -1
1.62168 -1
1.47469 -1
1.67821 -1
1.48014 -1
1.2145 -1
2.26327 -1
2.36937 -1
1.75014 -1
1.47845 -1
1.80989 -1
1.6788 -1
1.25192 -1
1.94271 -1
2.27364 -1
2.29524 -1
1.86195 -1
2.46315 -1
2.90807 -1
1.20905 -1
1.35561 -1
1.87233 -1
1.66905 -1
2.36092 -1
1.3802 -1
2.20934 -1
2.05616 -1
0.99252 -1
2.47692 -1
2.38634 -1
0.638345 -1
1.78968 -1
2.51543 -1
1.82517 -1
1.5614 -1
1.33024 -1
1.95144 -1
2.09788 -1
1.96742 -1
2.24503 -1
1.75135 -1
1.48047 -1
1.99996 -1
1.86701 -1
1.64149 -1
1.78549 -1
1.14487 -1
3.08777 -1
1.95115 -1
1.64831 -1
1.13542 -1
1.40459 -1
1.00171 -1
2.32515 -1
2.09475 -1
1.17913 -1
1.4743 -1
2.88417 -1
1.73804 -1
1.4657 -1
1.19641 -1
2.08486 -1
1.91624 -1
1.44227 -1
0.986882 -1
2.12659 -1
2.10748 -1
1.68251 -1
1.55141 -1
2.30093 -1
1.71618 -1
1.62419 -1
1.90768 -1
1.77085 -1
2.69488 -1
2.47234 -1
1.81744 -1
2.5351 -1
2.43301 -1
1.73522 -1
3.11933 -1
3.56533 -1
3.98824 -1
4.41101 -1
2.90601 -1
3.08938 -1
1.18789 -1
2.45645 -1
2.02265 -1
1.68739 -1
0.999421 -1
1.66556 -1
1.65003 -1
2.78685 -1
2.07125 -1
2.69783 -1
2.26697 -1
3.89745 -1
2.74401 -1
1.39749 -1
2.29063 -1
1.91876 -1
2.49083 -1
4.48056 -1
3.27774 -1
2.98879 -1
2.59415 -1
2.67333 -1
1.66328 -1
3.58953 -1
3.04269 -1
2.39132 -1
3.32065 -1
3.64294 -1
4.00001 -1
3.0428 -1
1.43851 -1
2.06426 -1
0.994368 -1
1.49147 -1
4.01421 -1
2.52141 -1
1.13079 -1
2.64564 -1
1.43088 -1
3.72671 -1
2.39103 -1
2.18452 -1
2.08434 -1
2.756 -1
2.92705 -1
2.6677 -1
0.986654 -1
1.95273 -1
1.39465 -1
0.991127 -1
1.75291 -1
1.18265 -1
1.51546 -1
2.24742 -1
1.53505 -1
1.49785 -1
2.59053 -1
2.54489 -1
2.40144 -1
2.05582 -1
2.34132 -1
1.07968 -1
2.60079 -1
3.12118 -1
2.11373 -1
2.29471 -1
1.35236 -1
1.62426 -1
2.74574 -1
3.19061 -1
2.48378 -1
1.97947 -1
1.49858 -1
0.998788 -1
1.93101 -1
2.81713 -1
3.05013 -1
1.14615 -1
1.70598 -1
3.38566 -1
2.23002 -1
2.07905 -1
2.09497 -1
1.55596 -1
1.38121 -1
1.56107 -1
0.996394 -1
1.86976 -1
1.78497 -1
1.51426 -1
1.67641 -1
1.26497 -1
0.988557 -1
1.28959 -1
3.11703 -1
1.30347 -1
0.995989 -1
3.81111 -1
0.994609 -1
2.19106 -1
3.4327 -1
1.96044 -1
1.67826 -1
3.4865 -1
2.26417 -1
1.9153 -1
3.3896 -1
3.69789 -1
1.70206 -1
1.22052 -1
2.24079 -1
3.38098 -1
0.896204 -1
0.9932 -1
1.60741 -1
2.92766 -1
1.418 -1
1.72406 -1
1.8781 -1
2.91164 -1
2.18668 -1
2.29519 -1
2.93566 -1
3.30855 -1
2.45318 -1
1.75822 -1
2.57613 -1
1.84458 -1
1.20351 -1
1.67021 -1
3.697 -1
1.18304 -1
1.66913 -1
1.50234 -1
1.65165 -1
2.2387 -1
1.68819 -1
1.68192 -1
2.74853 -1
2.45539 -1
1.99258 -1
2.33243 -1
0.999422 -1
2.10725 -1
3.64839 -1
2.45396 -1
2.77243 -1
2.69443 -1
1.45533 -1
2.95736 -1
0.997834 -1
2.16159 -1
1.41376 -1
2.07457 -1
1.79808 -1
1.55788 -1
2.3665 -1
1.85886 -1
1.34151 -1
2.05234 -1
2.54961 -1
1.34803 -1
3.25373 -1
2.0111 -1
4.19476 -1
2.30809 -1
1.67347 -1
2.72211 -1
1.55879 -1
1.24945 -1
2.01433 -1
2.4587 -1
2.00093 -1
1.98099 -1
2.98657 -1
1.32293 -1
1.06267 -1
2.59853 -1
2.59144 -1
1.97844 -1
1.76311 -1
2.45648 -1
2.54508 -1
2.0458 -1
1.22581 -1
1.82098 -1
1.98887 -1
1.00852 -1
2.98448 -1
2.08706 -1
1.64045 -1
2.36687 -1
3.70403 -1
2.43004 -1
2.27643 -1
2.9874 -1
2.45113 -1
1.58282 -1
1.36494 -1
1.41505 -1
2.20628 -1
1.73165 -1
1.68113 -1
2.84795 -1
1.84698 -1
1.53192 -1
1.28551 -1
2.10285 -1
0.989207 -1
0.99628 -1
2.24222 -1
2.10725 -1
1.33835 -1
1.78415 -1
0.992523 -1
1.66177 -1
1.70738 -1
1.31998 -1
1.01184 -1
1.88894 -1
1.80112 -1
5.10604 -1
1.67937 -1
2.41555 -1
2.04254 -1
1.88843 -1
1.40549 -1
1.284 -1
1.81815 -1
1.95011 -1
1.92953 -1
1.79854 -1
2.03345 -1
1.74099 -1
1.37544 -1
1.66567 -1
2.0131 -1
1.65996 -1
1.9053 -1
1.66539 -1
4.29057 -1
1.09204 -1
1.7726 -1
2.20187 -1
2.83252 -1
4.46672 -1
2.29385 -1
1.58221 -1
1.39127 -1
1.32757 -1
1.93097 -1
0.987409 -1
2.05646 -1
1.88328 -1
2.05577 -1
1.91878 -1
1.48512 -1
1.41165 -1
2.34209 -1
1.9693 -1
1.39523 -1
1.96392 -1
1.2446 -1
1.46503 -1
2.26382 -1
1.40472 -1
1.21308 -1
1.46443 -1
1.20096 -1
1.81745 -1
1.97332 -1
1.4569 -1
1.71047 -1
1.76921 -1
1.47174 -1
2.47002 -1
2.152 -1
1.96212 -1
3.00554 -1
2.70103 -1
1.70312 -1
2.58264 -1
2.35874 -1
2.29066 -1
1.61643 -1
1.81167 -1
2.09638 -1
2.60752 -1
2.93753 -1
1.26008 -1
3.27993 -1
1.87992 -1
1.9726 -1
1.9782 -1
1.93856 -1
3.33145 -1
1.7417 -1
1.63057 -1
1.73158 -1
1.45457 -1
2.12273 -1
1.19417 -1
2.77568 -1
1.50824 -1
3.14716 -1
1.98154 -1
2.72425 -1
