4500 2
-1.63942 1
1.24173 -1
-1.00822 1
-0.999998 1
-0.993442 1
-1.33355 1
-3.70476 1
-3.4946 1
-2.851 1
-0.988906 1
-1.00336 1
-0.998571 1
-1.51668 1
-0.784649 1
-1.43388 1
-0.986546 1
-1.1653 1
-1.12892 1
-0.99294 1
-2.3484 1
-1.00373 1
-1.13648 1
-0.995366 1
-2.50929 1
-0.986483 1
-0.987115 1
-2.40789 1
-3.65642 1
-0.884722 1
-0.733649 1
-0.673994 1
-2.15582 1
-0.980435 1
-0.996743 1
-1.83533 1
-0.0760252 1
-1.69801 1
-2.12173 1
-2.13644 1
-1.63992 1
-0.98119 1
-1.08669 1
-1.35562 1
-0.988272 1
-1.29553 1
-1.9938 1
-1.00869 1
-0.996422 1
-1.59267 1
-0.332585 1
-2.57127 1
-0.970952 1
-1.3987 1
-2.11704 1
-2.61746 1
-3.37822 1
-0.9904 1
-1.99375 1
-1.06765 1
-1.17776 1
-0.995238 1
-1.27432 1
-1.00617 1
-0.0889823 1
-1.36833 1
-1.96645 1
-2.17652 1
-1.3011 1
-1.69236 1
-1.01703 1
-2.47168 1
-1.07709 1
-1.42873 1
-2.21077 1
-0.998927 1
-0.985548 1
-1.92771 1
-0.989734 1
-1.95664 1
-2.1413 1
-1.42667 1
-0.999708 1
-1.75166 1
-0.989019 1
-2.68554 1
-1.01869 1
-1.24519 1
-2.35163 1
-2.29451 1
-1.98816 1
-2.84915 1
0.102185 -1
-1.74112 1
-0.985972 1
-1.74689 1
-2.13235 1
-1.06576 1
-1.11986 1
-1.14986 1
-3.20557 1
-1.36615 1
-1.65286 1
-2.68314 1
-0.989723 1
-2.03939 1
-1.72464 1
-1.01182 1
-1.81768 1
-2.63332 1
-1.50192 1
-2.34179 1
-1.04173 1
-1.7886 1
-1.38843 1
-0.988475 1
-2.54817 1
-1.0178 1
-2.16109 1
-2.13242 1
-1.18138 1
-0.98926 1
-0.996163 1
-1.68359 1
-0.993179 1
-0.988684 1
-1.51835 1
-1.62188 1
-1.47799 1
-1.01078 1
-1.00598 1
-0.990221 1
-0.994721 1
-1.00924 1
-1.4972 1
-0.995713 1
-0.990619 1
-1.0559 1
-1.64087 1
-0.992365 1
-2.34459 1
-1.5038 1
-0.984962 1
-1.91362 1
-1.00136 1
-1.91279 1
-3.90475 1
-3.21776 1
-1.47822 1
-0.833842 1
-1.94857 1
-0.991096 1
-0.984352 1
-2.26274 1
-1.01032 1
-2.18771 1
-1.87827 1
-0.175341 1
-2.48695 1
-1.58719 1
-2.53742 1
-0.26114 1
-1.54078 1
-1.00257 1
-2.67313 1
-1.78433 1
-1.33447 1
0.0532833 -1
-2.17893 1
-0.988315 1
-1.24809 1
-2.64913 1
-2.65065 1
-1.48323 1
-2.87925 1
-3.33163 1
-1.01524 1
-2.38416 1
-0.99953 1
-2.57088 1
-1.89499 1
-1.01103 1
-1.3654 1
-2.10078 1
-1.95548 1
-1.00788 1
-2.73812 1
-0.987844 1
-1.0143 1
-0.995729 1
-1.14495 1
-1.00826 1
-1.85124 1
-2.7453 1
-1.57336 1
-1.00486 1
-1.45692 1
-2.9178 1
-2.47274 1
-0.992606 1
-2.6855 1
-2.13197 1
-2.24118 1
-2.64038 1
-1.01371 1
-1.03939 1
-2.19165 1
-1.01688 1
-1.59551 1
-1.69199 1
-2.17784 1
-1.45678 1
-0.999539 1
-0.99077 1
-2.53915 1
-0.993803 1
-2.42032 1
-2.36854 1
-3.17819 1
-3.02258 1
-2.12959 1
-2.92528 1
-0.988767 1
-2.92471 1
-1.01021 1
-3.13566 1
-0.581939 1
-2.64963 1
-2.2743 1
-0.997413 1
-1.0169 1
-1.5966 1
-1.00699 1
-2.08509 1
-1.00779 1
-2.01443 1
-1.08836 1
-0.994364 1
-2.7074 1
-2.29802 1
-0.991027 1
-1.06333 1
-2.98207 1
-1.21134 1
-1.36432 1
-0.858661 1
-0.989789 1
-1.51393 1
-1.0082 1
-0.999111 1
-1.7955 1
-1.00951 1
-1.89161 1
-3.9315 1
-2.13993 1
-1.00434 1
-3.23442 1
-4.70003 1
-1.01355 1
-1.88879 1
-2.54881 1
-1.31426 1
-1.54063 1
-2.74663 1
-1.88887 1
-1.00765 1
-2.27083 1
-1.21295 1
-1.0067 1
-0.996712 1
-0.996068 1
-3.08278 1
-1.64481 1
-1.6376 1
-1.27442 1
-1.42973 1
-1.00714 1
-2.2184 1
-2.64781 1
-2.97837 1
-1.81116 1
-1.41936 1
-1.52976 1
-0.989201 1
-0.988018 1
-2.1917 1
-1.50125 1
-1.54577 1
-1.01414 1
-0.999502 1
-2.69966 1
-1.72966 1
-1.93113 1
-0.988764 1
-3.0379 1
-2.76762 1
-3.30961 1
-1.63915 1
-0.996902 1
-2.61805 1
-2.63975 1
-2.07152 1
-0.986344 1
-1.37778 1
-3.1763 1
-2.30036 1
-1.44513 1
-1.27049 1
-1.89216 1
-1.01512 1
-0.979881 1
-2.26753 1
-1.94149 1
-2.753 1
-2.51432 1
-1.28074 1
-0.997363 1
-2.25973 1
-1.76014 1
-2.56107 1
-2.58055 1
-2.36881 1
-1.71925 1
-1.57185 1
-2.67963 1
-1.8813 1
-1.90925 1
-1.70261 1
-1.01049 1
-0.921425 1
-1.00602 1
-2.46163 1
-2.14528 1
-1.77927 1
-3.88936 1
-0.992119 1
-0.992554 1
-2.36459 1
-0.997292 1
-1.01183 1
-1.4472 1
-1.11552 1
-0.995501 1
-1.45947 1
-1.11713 1
-1.00172 1
-1.00195 1
-0.991028 1
-1.00843 1
-2.30252 1
-0.987394 1
-1.19079 1
-1.39962 1
-1.92757 1
-1.35374 1
-2.88737 1
-1.32654 1
-1.45152 1
-0.990929 1
-1.08647 1
-0.99565 1
-1.87736 1
-0.998034 1
-1.61418 1
-1.00095 1
-1.50623 1
-1.00719 1
-2.74718 1
-3.66836 1
-1.23804 1
-3.50097 1
-1.34776 1
-2.89208 1
-3.4501 1
-2.77608 1
-2.57331 1
-2.49922 1
-0.996128 1
-3.41435 1
-2.4697 1
-1.00047 1
-1.00082 1
-1.88925 1
-0.800528 1
-0.992438 1
-0.994228 1
-0.564742 1
-1.41616 1
-2.04339 1
-0.986098 1
-1.01178 1
-1.01117 1
-0.981261 1
-0.991169 1
-0.994212 1
-1.99938 1
-1.00167 1
-0.988673 1
-2.86462 1
-2.42487 1
-3.22786 1
-2.60736 1
-1.80406 1
-2.26459 1
-2.81966 1
-0.99991 1
-3.28946 1
-1.68748 1
-2.59176 1
-3.36485 1
-1.00426 1
-1.59124 1
-2.59084 1
-1.67084 1
-2.52987 1
-1.01077 1
-2.12137 1
-1.24446 1
-1.00889 1
-1.97203 1
-0.99521 1
-2.16164 1
-1.7468 1
-3.1431 1
-2.66761 1
-1.3728 1
-1.32733 1
-0.993076 1
-1.8117 1
-0.984157 1
-1.66056 1
-2.23271 1
-2.17896 1
-1.23844 1
-2.12396 1
-1.68042 1
-1.34872 1
-1.69478 1
-2.71163 1
-2.06753 1
-2.37137 1
-2.18408 1
-3.21992 1
-2.80615 1
-2.3034 1
-0.998025 1
-4.89718 1
-0.98711 1
-1.93911 1
-2.7445 1
-2.58943 1
-3.50982 1
-2.51549 1
-2.12463 1
-2.11733 1
-2.36754 1
-2.31326 1
-1.57816 1
-2.55789 1
-2.70927 1
-1.48722 1
-1.10068 1
-2.21896 1
-1.21228 1
-3.08426 1
-1.41858 1
-2.07133 1
-1.16119 1
-2.81167 1
-3.41681 1
-2.81062 1
-2.71111 1
-1.39331 1
-2.87375 1
-1.40418 1
-2.71041 1
-2.36753 1
-3.51034 1
-0.979546 1
-1.05236 1
-2.85946 1
-2.82126 1
-1.84353 1
-1.41042 1
-1.81495 1
-0.993305 1
-1.78134 1
-0.991361 1
-2.66739 1
-1.41257 1
-2.47279 1
-0.997391 1
-1.93695 1
-1.10344 1
-1.87936 1
-1.17805 1
-1.79275 1
-2.93018 1
-1.93422 1
-2.65815 1
-1.00296 1
1.60887 -1
2.70204 -1
2.12962 -1
2.27091 -1
3.66595 -1
2.21126 -1
3.51496 -1
4.03457 -1
2.22801 -1
2.5931 -1
1.88135 -1
2.40374 -1
0.949205 -1
0.987809 -1
0.896684 -1
2.2778 -1
1.42506 -1
0.94841 -1
1.31412 -1
1.01137 -1
2.92955 -1
2.51993 -1
1.37509 -1
2.44212 -1
0.99309 -1
0.986339 -1
1.01751 -1
2.13818 -1
1.26932 -1
1.70704 -1
3.40404 -1
1.83219 -1
2.26095 -1
2.46681 -1
2.57659 -1
2.72663 -1
3.47859 -1
3.55377 -1
2.83809 -1
2.53113 -1
2.98841 -1
2.04759 -1
3.13158 -1
2.51019 -1
2.66344 -1
3.3971 -1
2.80753 -1
3.57494 -1
1.63204 -1
2.87023 -1
1.8185 -1
3.90919 -1
3.18198 -1
2.45314 -1
2.87509 -1
2.09086 -1
1.83727 -1
2.24858 -1
2.91397 -1
2.37761 -1
2.42531 -1
2.27226 -1
2.89263 -1
1.01025 -1
2.19385 -1
2.09355 -1
1.62812 -1
2.2773 -1
1.74662 -1
2.93967 -1
1.87627 -1
1.01093 -1
1.00042 -1
0.99273 -1
3.03776 -1
1.50965 -1
1.42837 -1
2.68118 -1
2.7165 -1
4.09876 -1
1.81053 -1
2.93104 -1
2.39585 -1
0.993759 -1
1.94738 -1
1.27184 -1
2.63954 -1
1.95126 -1
2.43481 -1
1.33811 -1
2.52549 -1
1.97052 -1
2.42447 -1
2.29518 -1
2.19292 -1
3.03998 -1
2.36461 -1
2.72927 -1
2.32572 -1
2.73493 -1
2.382 -1
1.73166 -1
1.00911 -1
2.05226 -1
2.44904 -1
2.59827 -1
2.57082 -1
0.997279 -1
2.86182 -1
2.03383 -1
1.07491 -1
3.45707 -1
2.66224 -1
1.46031 -1
4.09254 -1
3.67842 -1
1.8502 -1
1.00091 -1
2.30634 -1
2.29973 -1
3.11933 -1
1.41386 -1
1.69395 -1
1.4511 -1
1.68693 -1
2.88058 -1
3.05654 -1
3.97725 -1
1.92933 -1
3.70385 -1
2.32593 -1
2.61629 -1
1.3786 -1
1.98113 -1
3.1709 -1
1.24554 -1
2.21363 -1
1.37198 -1
2.40732 -1
2.93183 -1
3.09231 -1
1.34722 -1
2.40221 -1
2.56801 -1
1.69884 -1
2.20644 -1
4.20159 -1
3.42779 -1
1.71024 -1
2.46728 -1
2.05269 -1
2.50849 -1
3.14523 -1
1.66919 -1
1.59029 -1
3.28417 -1
2.51375 -1
2.57981 -1
2.85385 -1
2.16487 -1
1.46955 -1
3.89137 -1
2.03933 -1
3.02833 -1
2.86457 -1
3.08599 -1
4.43017 -1
1.83016 -1
3.2891 -1
2.768 -1
2.38621 -1
2.77541 -1
1.82745 -1
3.07758 -1
1.72687 -1
0.996083 -1
2.65423 -1
1.0037 -1
1.60638 -1
3.93929 -1
1.55942 -1
1.3816 -1
1.49309 -1
3.0164 -1
1.80621 -1
1.81005 -1
3.01869 -1
1.42675 -1
3.08367 -1
2.69564 -1
0.995115 -1
3.71435 -1
1.43999 -1
3.17088 -1
2.96394 -1
2.48119 -1
2.53478 -1
2.41694 -1
0.990647 -1
2.49972 -1
2.64709 -1
2.01986 -1
0.985664 -1
2.38324 -1
1.77466 -1
0.999819 -1
3.269 -1
2.93831 -1
1.60057 -1
1.01451 -1
3.68335 -1
1.99103 -1
2.11247 -1
2.89446 -1
1.71329 -1
1.94557 -1
2.89376 -1
1.33898 -1
1.99212 -1
1.48891 -1
3.78524 -1
3.35987 -1
1.16454 -1
4.20283 -1
4.18896 -1
0.983513 -1
1.48157 -1
3.57939 -1
3.71383 -1
2.47876 -1
2.40881 -1
1.99898 -1
1.66025 -1
1.40092 -1
2.09558 -1
1.26013 -1
2.1478 -1
1.24308 -1
0.991458 -1
1.72806 -1
3.04626 -1
3.22016 -1
2.03892 -1
1.77138 -1
1.77522 -1
3.66208 -1
3.43256 -1
2.95163 -1
1.14952 -1
3.06599 -1
1.92569 -1
3.52601 -1
1.00628 -1
2.30762 -1
1.987 -1
1.77132 -1
1.99263 -1
2.03539 -1
3.74324 -1
1.73379 -1
3.06636 -1
1.74852 -1
1.99829 -1
2.76389 -1
1.50348 -1
2.81402 -1
1.08454 -1
2.99245 -1
2.0955 -1
2.82455 -1
3.39998 -1
2.77088 -1
2.25633 -1
3.40423 -1
1.09728 -1
3.02059 -1
2.9838 -1
3.03102 -1
3.27534 -1
3.47546 -1
2.3487 -1
2.65379 -1
1.91991 -1
2.83989 -1
3.18105 -1
2.58585 -1
1.73631 -1
1.70142 -1
2.39468 -1
4.12309 -1
3.64936 -1
1.6185 -1
2.47151 -1
4.03743 -1
2.03276 -1
2.69554 -1
4.35312 -1
2.39567 -1
0.99174 -1
1.60068 -1
1.63862 -1
1.47729 -1
2.77799 -1
2.12932 -1
2.65716 -1
2.18508 -1
1.16489 -1
2.58768 -1
2.14916 -1
1.6165 -1
1.49341 -1
2.68304 -1
1.51763 -1
3.07805 -1
2.11576 -1
2.7518 -1
2.19022 -1
2.35154 -1
2.0093 -1
2.85988 -1
3.73944 -1
3.02324 -1
1.89297 -1
3.07982 -1
3.38539 -1
1.07717 -1
0.988031 -1
1.0337 -1
1.78433 -1
3.01564 -1
2.23395 -1
1.91823 -1
1.74267 -1
2.29611 -1
2.21105 -1
2.34016 -1
2.03998 -1
2.95928 -1
0.999228 -1
2.32467 -1
1.62184 -1
2.28339 -1
2.65978 -1
1.239 -1
3.94158 -1
3.35933 -1
4.58767 -1
1.0724 -1
4.01147 -1
2.74577 -1
1.09748 -1
3.40298 -1
1.2627 -1
3.62224 -1
2.07903 -1
2.56804 -1
2.64255 -1
3.3145 -1
2.6252 -1
2.92345 -1
1.00576 -1
0.996029 -1
1.35555 -1
1.49226 -1
1.79344 -1
1.55652 -1
1.97904 -1
3.79245 -1
1.60755 -1
1.01574 -1
2.70752 -1
2.00989 -1
2.66561 -1
0.987252 -1
2.67779 -1
1.00498 -1
1.00663 -1
3.28871 -1
2.35619 -1
4.37915 -1
1.93672 -1
2.0021 -1
1.17657 -1
5.56742 -1
4.28733 -1
1.43905 -1
3.62675 -1
3.13511 -1
1.77598 -1
1.98171 -1
2.11806 -1
3.38005 -1
2.11494 -1
1.78518 -1
1.0353 -1
3.42432 -1
1.80765 -1
1.62049 -1
2.19733 -1
3.08694 -1
2.61622 -1
1.09357 -1
1.66356 -1
1.27368 -1
1.25732 -1
1.52403 -1
1.31084 -1
1.8441 -1
1.95393 -1
1.56224 -1
0.994682 -1
1.33097 -1
2.38586 -1
2.4416 -1
2.87995 -1
1.9849 -1
1.11041 -1
2.77749 -1
2.6963 -1
1.7664 -1
1.64844 -1
1.13662 -1
2.16447 -1
3.01052 -1
2.34535 -1
3.51728 -1
2.52161 -1
2.96291 -1
3.83239 -1
2.01742 -1
3.24351 -1
2.37193 -1
2.70007 -1
2.60572 -1
3.01683 -1
3.99662 -1
3.35643 -1
1.7833 -1
2.15531 -1
1.62716 -1
2.91599 -1
2.46327 -1
1.85741 -1
2.33676 -1
2.36036 -1
1.55791 -1
1.40064 -1
0.989226 -1
2.94473 -1
2.12725 -1
2.11459 -1
2.27561 -1
1.64093 -1
1.23306 -1
2.69503 -1
1.09314 -1
2.13471 -1
4.12019 -1
2.73604 -1
2.12791 -1
2.94914 -1
3.6566 -1
2.97869 -1
1.71246 -1
2.59602 -1
2.43665 -1
3.61592 -1
1.38754 -1
3.90184 -1
3.71117 -1
2.99491 -1
2.70424 -1
2.38047 -1
3.46075 -1
1.37434 -1
3.26574 -1
1.77515 -1
3.11703 -1
2.20096 -1
4.01787 -1
1.11839 -1
2.98537 -1
1.73035 -1
4.28217 -1
1.41898 -1
1.51812 -1
4.41946 -1
2.99849 -1
4.14288 -1
4.6036 -1
2.63114 -1
1.02359 -1
1.35439 -1
2.52803 -1
1.87237 -1
1.57565 -1
1.98733 -1
2.36516 -1
0.984286 -1
1.5925 -1
1.67275 -1
2.02175 -1
1.09284 -1
2.47172 -1
3.86922 -1
4.05583 -1
2.08578 -1
4.32597 -1
1.06145 -1
2.01457 -1
1.428 -1
1.72442 -1
1.73816 -1
4.35091 -1
2.71647 -1
3.0461 -1
3.91824 -1
1.82892 -1
2.66136 -1
1.59651 -1
1.27069 -1
2.66462 -1
2.55121 -1
1.61251 -1
2.677 -1
0.993321 -1
2.69488 -1
2.78989 -1
1.96353 -1
2.56109 -1
2.25389 -1
2.28059 -1
2.26647 -1
2.68696 -1
1.79943 -1
1.19744 -1
1.61344 -1
1.7334 -1
1.0024 -1
1.25703 -1
1.91635 -1
2.09874 -1
2.07417 -1
0.998635 -1
2.27926 -1
2.60742 -1
1.00889 -1
1.77897 -1
2.37134 -1
2.66839 -1
1.23461 -1
1.65908 -1
0.998192 -1
3.43249 -1
3.06801 -1
2.20957 -1
0.993801 -1
2.46552 -1
1.83667 -1
2.04965 -1
1.63361 -1
3.15988 -1
2.54023 -1
2.82654 -1
3.20622 -1
2.63241 -1
3.54427 -1
1.65367 -1
2.45549 -1
2.72218 -1
2.66674 -1
1.71379 -1
3.00279 -1
2.95678 -1
1.36164 -1
1.89104 -1
2.04016 -1
2.74248 -1
2.92604 -1
1.15314 -1
1.81436 -1
1.25263 -1
3.27202 -1
2.96558 -1
3.08987 -1
2.89824 -1
2.97186 -1
2.4531 -1
2.6319 -1
1.25918 -1
3.08801 -1
1.56501 -1
1.53156 -1
1.21123 -1
1.98578 -1
1.6674 -1
2.87291 -1
3.57685 -1
1.52217 -1
2.25652 -1
1.80291 -1
1.92928 -1
3.85899 -1
1.61607 -1
1.09986 -1
1.67274 -1
1.92561 -1
2.31287 -1
1.52341 -1
3.27481 -1
1.58327 -1
2.27023 -1
2.36683 -1
1.91281 -1
1.67727 -1
2.18625 -1
1.00854 -1
2.43879 -1
2.06663 -1
1.69082 -1
2.9974 -1
2.46061 -1
2.74426 -1
2.84592 -1
1.59347 -1
2.5731 -1
3.96231 -1
3.17881 -1
1.96411 -1
2.44619 -1
3.08614 -1
2.29993 -1
3.66001 -1
2.61065 -1
2.03533 -1
2.83188 -1
2.71175 -1
3.28023 -1
3.19018 -1
2.4961 -1
2.93697 -1
1.71312 -1
1.70555 -1
2.25779 -1
2.34516 -1
2.11099 -1
1.01581 -1
3.79556 -1
1.3243 -1
2.05266 -1
1.32132 -1
2.17249 -1
0.988422 -1
4.17803 -1
2.23523 -1
2.38254 -1
3.70526 -1
3.55527 -1
2.94276 -1
2.79324 -1
0.99994 -1
1.76258 -1
1.83926 -1
1.00867 -1
1.27448 -1
1.93016 -1
2.58086 -1
2.89052 -1
4.97537 -1
3.31323 -1
2.32217 -1
3.00709 -1
2.43101 -1
2.33634 -1
2.15565 -1
1.98396 -1
1.56782 -1
1.72646 -1
1.55503 -1
2.1977 -1
3.54759 -1
0.993053 -1
1.62958 -1
4.2094 -1
1.97197 -1
1.79676 -1
3.94958 -1
2.2403 -1
3.03335 -1
3.80002 -1
1.40914 -1
2.81648 -1
2.86686 -1
3.71088 -1
2.94247 -1
1.63427 -1
2.34026 -1
2.23169 -1
1.15269 -1
2.5451 -1
2.55461 -1
2.2759 -1
2.50584 -1
3.15004 -1
2.2185 -1
1.96713 -1
2.16412 -1
1.61118 -1
1.01536 -1
3.01215 -1
2.04674 -1
3.77018 -1
2.57926 -1
2.42209 -1
2.73063 -1
1.00566 -1
1.93378 -1
3.61541 -1
3.384 -1
2.96316 -1
1.97189 -1
2.25887 -1
2.54507 -1
1.71069 -1
2.93564 -1
2.03038 -1
3.45888 -1
3.84047 -1
1.28346 -1
2.38829 -1
1.23499 -1
1.00301 -1
2.41891 -1
1.02024 -1
3.40361 -1
0.999869 -1
2.28607 -1
1.85322 -1
1.81708 -1
2.08181 -1
0.990984 -1
1.25391 -1
2.27193 -1
1.83628 -1
1.91281 -1
2.01775 -1
1.42501 -1
1.43059 -1
3.13327 -1
3.23315 -1
0.995703 -1
1.51142 -1
1.6926 -1
1.44631 -1
1.95346 -1
3.0937 -1
2.61973 -1
1.0047 -1
3.61068 -1
1.8985 -1
3.32977 -1
3.10519 -1
1.85378 -1
1.8811 -1
2.32026 -1
2.05334 -1
2.6905 -1
2.50828 -1
1.73228 -1
1.36136 -1
2.17942 -1
2.15087 -1
1.89525 -1
3.21343 -1
3.97259 -1
2.24681 -1
3.83365 -1
4.39029 -1
2.6091 -1
1.5361 -1
1.51275 -1
3.43013 -1
0.996695 -1
4.42536 -1
3.64782 -1
3.5047 -1
2.30774 -1
1.39503 -1
2.51306 -1
1.81636 -1
3.38704 -1
1.44719 -1
3.4417 -1
2.98819 -1
6.02886 -1
2.91044 -1
2.3725 -1
1.50304 -1
1.20116 -1
1.28837 -1
1.15387 -1
2.55005 -1
2.69179 -1
3.0585 -1
3.49955 -1
2.75553 -1
2.22107 -1
1.00861 -1
3.2811 -1
1.66033 -1
4.13754 -1
2.40605 -1
2.7651 -1
2.63952 -1
1.74508 -1
2.53274 -1
2.03649 -1
2.81498 -1
4.00229 -1
3.19191 -1
2.07569 -1
1.67219 -1
1.7186 -1
0.982599 -1
2.43215 -1
2.03771 -1
1.84338 -1
2.38418 -1
1.53895 -1
2.86562 -1
2.19864 -1
2.58364 -1
1.90388 -1
2.4793 -1
2.46759 -1
1.84866 -1
2.13131 -1
4.06732 -1
1.61369 -1
1.00645 -1
1.94795 -1
1.88108 -1
0.938545 -1
3.32236 -1
1.83187 -1
1.22806 -1
1.71276 -1
2.00816 -1
0.995546 -1
3.30436 -1
1.87916 -1
2.53439 -1
3.41842 -1
2.25042 -1
1.96367 -1
1.65041 -1
1.50345 -1
2.34573 -1
2.69102 -1
3.62042 -1
4.37432 -1
1.68963 -1
4.02092 -1
2.01767 -1
1.09218 -1
2.79636 -1
2.5202 -1
2.28018 -1
1.44616 -1
1.25616 -1
1.76959 -1
3.89431 -1
2.04449 -1
3.7481 -1
3.65334 -1
3.69124 -1
1.29888 -1
1.01829 -1
3.74984 -1
3.21767 -1
2.1711 -1
2.01038 -1
2.30536 -1
2.42295 -1
2.8583 -1
2.08295 -1
3.10229 -1
0.993951 -1
3.6063 -1
2.68691 -1
2.89546 -1
0.987476 -1
2.34584 -1
3.34168 -1
1.7845 -1
1.80469 -1
1.95923 -1
2.90522 -1
2.0249 -1
1.47709 -1
3.25629 -1
4.43904 -1
0.983172 -1
3.48808 -1
2.70907 -1
3.82612 -1
3.38359 -1
2.37465 -1
1.89793 -1
3.90356 -1
1.20379 -1
2.61815 -1
2.86015 -1
1.92506 -1
1.99219 -1
2.59849 -1
2.42171 -1
1.5701 -1
2.96262 -1
1.90733 -1
3.21178 -1
3.03472 -1
2.05362 -1
1.72764 -1
3.05044 -1
2.1461 -1
3.04872 -1
3.13295 -1
3.65062 -1
3.36435 -1
2.16912 -1
2.73623 -1
2.05202 -1
2.30304 -1
2.4562 -1
2.06069 -1
1.47492 -1
2.1342 -1
3.19515 -1
1.50294 -1
2.10576 -1
3.41786 -1
1.5211 -1
1.67684 -1
2.02575 -1
2.67242 -1
2.04447 -1
1.84503 -1
2.50757 -1
3.17929 -1
3.28978 -1
2.09909 -1
1.92822 -1
1.6213 -1
1.99695 -1
0.987144 -1
2.42672 -1
4.21499 -1
2.60313 -1
4.42221 -1
1.66413 -1
3.12192 -1
3.53257 -1
1.72666 -1
2.46994 -1
1.432 -1
2.08142 -1
2.12708 -1
1.04992 -1
0.992849 -1
1.74858 -1
1.42183 -1
2.03899 -1
3.54449 -1
4.02497 -1
0.985997 -1
3.48231 -1
3.99027 -1
1.58862 -1
1.90468 -1
2.39279 -1
1.99653 -1
1.50158 -1
2.15244 -1
1.34741 -1
2.25056 -1
2.97638 -1
1.62886 -1
1.59841 -1
2.08407 -1
4.0059 -1
1.37591 -1
1.37712 -1
2.25804 -1
2.34204 -1
2.06073 -1
2.76681 -1
1.70843 -1
2.11754 -1
1.94915 -1
1.87385 -1
2.5294 -1
1.83704 -1
1.76372 -1
2.32343 -1
1.48148 -1
1.34892 -1
1.66795 -1
2.09331 -1
1.91983 -1
2.00883 -1
1.77414 -1
1.01155 -1
2.03787 -1
1.83743 -1
0.990103 -1
2.11282 -1
1.23995 -1
1.43724 -1
2.03046 -1
2.09708 -1
1.23178 -1
2.09343 -1
1.95958 -1
2.33103 -1
1.54881 -1
1.03439 -1
1.07967 -1
1.98772 -1
2.03452 -1
1.68326 -1
2.16353 -1
2.11551 -1
2.06183 -1
1.64837 -1
2.07061 -1
2.54944 -1
2.35936 -1
1.91718 -1
2.03167 -1
2.02046 -1
2.89139 -1
2.60969 -1
3.04965 -1
3.48017 -1
3.1235 -1
2.49095 -1
1.91643 -1
1.80621 -1
1.16883 -1
1.65963 -1
2.07441 -1
1.72263 -1
2.54975 -1
3.72028 -1
1.83169 -1
1.01165 -1
3.15365 -1
1.68477 -1
1.80584 -1
2.2431 -1
1.6433 -1
1.4143 -1
2.18914 -1
2.73328 -1
1.27016 -1
3.12514 -1
1.29772 -1
2.17621 -1
3.58138 -1
1.3949 -1
2.41044 -1
1.47264 -1
1.8667 -1
2.13492 -1
1.27498 -1
1.18111 -1
2.11975 -1
2.53822 -1
3.7575 -1
2.72315 -1
1.89934 -1
1.91636 -1
2.8153 -1
3.05709 -1
2.65602 -1
2.75722 -1
1.76952 -1
1.52077 -1
1.4783 -1
1.20233 -1
0.986023 -1
1.40159 -1
2.24478 -1
4.37075 -1
1.5309 -1
2.20468 -1
2.46775 -1
4.25695 -1
1.29945 -1
1.87268 -1
2.27175 -1
2.43171 -1
3.40272 -1
1.90272 -1
3.92268 -1
2.40508 -1
2.3097 -1
3.23416 -1
4.42208 -1
2.40552 -1
2.9433 -1
2.21589 -1
2.85996 -1
3.37944 -1
2.65229 -1
1.66598 -1
1.80325 -1
1.66342 -1
3.11033 -1
2.70948 -1
1.91079 -1
2.41154 -1
1.85114 -1
1.50857 -1
2.66011 -1
2.14762 -1
1.97165 -1
1.60154 -1
2.90007 -1
3.25419 -1
1.31982 -1
2.65882 -1
2.53046 -1
1.82794 -1
3.73733 -1
2.76304 -1
3.014 -1
1.65809 -1
2.93791 -1
3.22477 -1
1.70962 -1
1.17983 -1
2.92764 -1
2.70862 -1
2.77243 -1
2.23707 -1
2.73551 -1
1.83801 -1
1.92187 -1
4.20096 -1
1.39909 -1
3.14093 -1
4.41196 -1
2.57746 -1
1.46547 -1
2.07503 -1
1.10613 -1
2.68106 -1
0.791114 -1
1.28512 -1
2.62329 -1
1.68908 -1
1.00284 -1
2.36173 -1
2.07747 -1
1.68773 -1
1.80073 -1
1.5859 -1
2.15959 -1
1.62843 -1
2.96451 -1
2.71195 -1
3.83309 -1
1.0161 -1
2.73163 -1
1.56106 -1
2.02141 -1
1.67366 -1
3.01971 -1
1.4479 -1
1.63531 -1
1.00877 -1
2.31938 -1
3.20037 -1
2.30932 -1
1.97072 -1
2.17484 -1
2.98409 -1
2.88682 -1
2.00136 -1
3.89858 -1
0.996815 -1
1.75359 -1
1.88238 -1
1.85953 -1
1.50792 -1
1.00187 -1
3.34803 -1
3.46682 -1
3.4651 -1
2.25308 -1
3.0741 -1
3.70815 -1
3.03329 -1
3.43676 -1
2.04903 -1
3.65744 -1
4.02502 -1
2.9226 -1
3.30734 -1
2.74764 -1
3.61043 -1
2.03469 -1
2.74523 -1
3.35502 -1
2.62109 -1
1.60006 -1
2.93292 -1
2.25795 -1
1.04217 -1
2.37539 -1
1.44525 -1
2.19619 -1
1.01207 -1
1.75714 -1
2.58402 -1
2.81103 -1
3.17063 -1
2.05783 -1
1.72441 -1
2.61732 -1
0.989805 -1
1.44543 -1
2.54477 -1
1.30371 -1
3.36484 -1
2.62187 -1
2.67526 -1
1.77662 -1
4.17353 -1
1.38951 -1
1.20695 -1
2.1923 -1
1.00377 -1
1.01357 -1
1.3758 -1
1.58887 -1
0.996106 -1
2.16148 -1
1.38719 -1
1.65248 -1
2.01237 -1
2.36913 -1
0.994296 -1
2.09022 -1
1.80493 -1
1.41606 -1
2.30615 -1
2.189 -1
1.31957 -1
3.41591 -1
3.69854 -1
1.22525 -1
3.12171 -1
2.84595 -1
2.72758 -1
2.90402 -1
2.29509 -1
2.58334 -1
2.62354 -1
2.64652 -1
1.76063 -1
1.13811 -1
3.49238 -1
4.15087 -1
2.74907 -1
2.74142 -1
1.78398 -1
2.32384 -1
2.60667 -1
2.63684 -1
1.80478 -1
2.60146 -1
1.5591 -1
2.12961 -1
2.18886 -1
2.59692 -1
3.04437 -1
2.32861 -1
2.71703 -1
1.82332 -1
4.25131 -1
1.88899 -1
2.8754 -1
2.9085 -1
1.65132 -1
1.00307 -1
2.64366 -1
4.24892 -1
5.57383 -1
1.78316 -1
1.56161 -1
1.89102 -1
2.35148 -1
2.44424 -1
2.15458 -1
2.41175 -1
1.93041 -1
2.29777 -1
2.61622 -1
2.45759 -1
2.16944 -1
3.02197 -1
2.14022 -1
1.62736 -1
1.96283 -1
2.17632 -1
1.70003 -1
2.67509 -1
2.9835 -1
4.1247 -1
4.17219 -1
2.26755 -1
2.3153 -1
1.90549 -1
2.75489 -1
1.91243 -1
3.0941 -1
2.38027 -1
1.37569 -1
2.21054 -1
1.00826 -1
3.13179 -1
1.58488 -1
2.1717 -1
3.14358 -1
2.26825 -1
2.7018 -1
1.62156 -1
1.9577 -1
3.57885 -1
1.00552 -1
2.86351 -1
1.08209 -1
1.79899 -1
2.56598 -1
1.62444 -1
1.20301 -1
2.30884 -1
2.05381 -1
2.08098 -1
3.00156 -1
1.68527 -1
2.67076 -1
1.29388 -1
2.25741 -1
2.14538 -1
1.52226 -1
0.989583 -1
2.43784 -1
0.996992 -1
3.2088 -1
0.994499 -1
2.95406 -1
3.22997 -1
2.84224 -1
3.28673 -1
1.99286 -1
0.993089 -1
2.38864 -1
2.18771 -1
4.66705 -1
4.50496 -1
1.75255 -1
1.60611 -1
1.36907 -1
3.15477 -1
1.95827 -1
1.54065 -1
1.22605 -1
2.13663 -1
3.43469 -1
2.33828 -1
2.09266 -1
2.4533 -1
0.990332 -1
3.1946 -1
1.79379 -1
1.00868 -1
2.07551 -1
2.84926 -1
1.13356 -1
1.76574 -1
1.87552 -1
2.55226 -1
1.2421 -1
3.19089 -1
1.76137 -1
0.285324 -1
2.16236 -1
2.43298 -1
2.13652 -1
2.61093 -1
2.65791 -1
2.24447 -1
2.62066 -1
1.74167 -1
2.84893 -1
2.49608 -1
1.50695 -1
2.89642 -1
1.58735 -1
1.30438 -1
1.37439 -1
2.37914 -1
2.1925 -1
2.32919 -1
2.8143 -1
1.86638 -1
1.24058 -1
1.61969 -1
2.11304 -1
1.00174 -1
1.3795 -1
3.87426 -1
1.53974 -1
1.67321 -1
0.990867 -1
1.97303 -1
0.993122 -1
3.78198 -1
2.48545 -1
2.09996 -1
2.27653 -1
2.14334 -1
1.51951 -1
2.39458 -1
2.2475 -1
2.91448 -1
1.95255 -1
2.3318 -1
1.91984 -1
1.77534 -1
2.21569 -1
2.88291 -1
1.05403 -1
0.987333 -1
1.4488 -1
0.991132 -1
1.897 -1
2.12345 -1
2.18895 -1
1.36517 -1
1.73014 -1
1.65453 -1
1.94605 -1
1.86571 -1
2.11863 -1
2.06983 -1
2.10409 -1
2.9445 -1
2.43982 -1
1.05204 -1
1.79479 -1
2.69714 -1
2.55151 -1
2.29401 -1
2.44935 -1
2.85097 -1
4.08155 -1
3.47378 -1
2.50877 -1
2.1888 -1
2.08174 -1
2.47562 -1
4.05303 -1
1.69949 -1
2.98273 -1
1.01592 -1
1.57434 -1
1.78738 -1
1.95429 -1
1.00047 -1
1.63566 -1
1.94918 -1
2.15316 -1
1.34485 -1
1.90967 -1
1.68381 -1
3.87339 -1
1.38451 -1
4.41565 -1
1.88191 -1
1.11944 -1
3.28677 -1
3.5487 -1
4.50675 -1
3.90304 -1
3.34145 -1
1.99059 -1
3.07959 -1
2.22564 -1
2.78984 -1
1.90085 -1
2.64497 -1
2.42741 -1
2.71447 -1
2.13182 -1
3.07681 -1
1.65007 -1
1.57568 -1
2.797 -1
2.02955 -1
2.82246 -1
2.32202 -1
1.40523 -1
1.10926 -1
2.46263 -1
1.61706 -1
2.90748 -1
1.47611 -1
1.68904 -1
1.72725 -1
2.89708 -1
1.61877 -1
0.994886 -1
2.50951 -1
1.49836 -1
1.78165 -1
3.9252 -1
3.0992 -1
3.69519 -1
4.06379 -1
1.28049 -1
1.95557 -1
3.61936 -1
3.50808 -1
1.38952 -1
2.22909 -1
0.992061 -1
0.992158 -1
2.32324 -1
1.66603 -1
1.296 -1
2.4793 -1
2.20627 -1
2.71152 -1
1.54874 -1
2.08618 -1
1.89904 -1
2.43414 -1
2.50514 -1
1.68883 -1
1.12513 -1
2.31251 -1
2.09402 -1
0.990861 -1
1.16682 -1
2.17707 -1
1.2918 -1
2.34269 -1
1.98045 -1
2.3063 -1
1.33728 -1
1.00044 -1
2.42669 -1
2.52536 -1
2.07368 -1
1.83303 -1
1.6883 -1
1.23546 -1
1.54299 -1
2.17652 -1
1.53145 -1
1.51788 -1
2.0012 -1
1.73795 -1
2.30677 -1
2.10216 -1
2.11303 -1
1.79403 -1
2.22042 -1
2.62768 -1
2.39606 -1
2.04359 -1
1.97887 -1
2.50488 -1
2.59328 -1
0.992217 -1
2.55069 -1
3.3497 -1
1.35264 -1
2.08003 -1
2.0383 -1
1.48502 -1
1.80178 -1
1.39065 -1
2.8794 -1
2.70272 -1
2.52518 -1
2.08315 -1
1.86893 -1
2.16892 -1
1.8381 -1
1.90746 -1
1.6535 -1
2.77618 -1
2.85557 -1
1.22952 -1
1.4366 -1
1.56463 -1
1.87664 -1
1.11723 -1
2.78056 -1
1.7538 -1
3.95841 -1
2.14374 -1
1.57312 -1
0.994312 -1
3.6254 -1
1.30448 -1
1.28983 -1
2.73725 -1
1.38886 -1
0.990435 -1
1.86243 -1
1.71746 -1
1.25231 -1
4.09761 -1
2.20603 -1
2.72932 -1
2.33247 -1
2.36685 -1
3.62776 -1
1.84623 -1
1.82369 -1
1.24182 -1
3.07827 -1
2.13296 -1
3.56734 -1
4.00352 -1
2.35539 -1
2.6398 -1
2.81007 -1
4.40373 -1
2.33644 -1
4.3638 -1
1.01702 -1
1.81253 -1
1.92999 -1
1.59241 -1
1.86783 -1
2.62897 -1
4.01683 -1
1.70325 -1
4.15026 -1
4.79617 -1
3.60416 -1
2.60423 -1
2.71312 -1
2.7218 -1
3.5842 -1
1.89441 -1
3.38734 -1
1.89283 -1
3.68077 -1
4.0898 -1
2.98921 -1
2.58627 -1
3.68021 -1
3.9458 -1
2.486 -1
2.75882 -1
1.42344 -1
2.4263 -1
2.16411 -1
2.53005 -1
3.29021 -1
3.1356 -1
3.66317 -1
1.85936 -1
3.52987 -1
3.11397 -1
3.53229 -1
1.15038 -1
3.74546 -1
2.87352 -1
2.63597 -1
2.26463 -1
3.34556 -1
2.67995 -1
1.86151 -1
1.94485 -1
4.15021 -1
2.21103 -1
1.30529 -1
2.92637 -1
2.40629 -1
1.57029 -1
2.2534 -1
2.77832 -1
3.42762 -1
3.41668 -1
3.43907 -1
3.17541 -1
3.58424 -1
2.68542 -1
1.9694 -1
3.5031 -1
3.18873 -1
2.23262 -1
3.20107 -1
3.09236 -1
3.3916 -1
1.8126 -1
2.5874 -1
3.03668 -1
3.48371 -1
3.15569 -1
1.92638 -1
2.01872 -1
2.59665 -1
1.13061 -1
1.50531 -1
1.94842 -1
1.75474 -1
2.82887 -1
2.71716 -1
2.56796 -1
3.69643 -1
4.25386 -1
1.41383 -1
4.23904 -1
2.27532 -1
2.16553 -1
2.41741 -1
1.38898 -1
2.13258 -1
2.5919 -1
2.27333 -1
2.0429 -1
1.59115 -1
2.07926 -1
2.39818 -1
1.42114 -1
1.62671 -1
1.75114 -1
2.17956 -1
2.62142 -1
2.15443 -1
4.30516 -1
2.58589 -1
1.85807 -1
1.68784 -1
3.10027 -1
2.42293 -1
1.70889 -1
2.50674 -1
1.38892 -1
2.16975 -1
1.51842 -1
1.00713 -1
1.34783 -1
0.997634 -1
1.29146 -1
1.44841 -1
3.80844 -1
1.99078 -1
2.27557 -1
1.3523 -1
2.97116 -1
2.55065 -1
1.8461 -1
1.51003 -1
1.2687 -1
1.44254 -1
2.83674 -1
1.83719 -1
1.70566 -1
1.99205 -1
2.77481 -1
2.51099 -1
1.04421 -1
2.55461 -1
2.83775 -1
2.40829 -1
2.55387 -1
1.42216 -1
2.62535 -1
1.33517 -1
3.00668 -1
2.4194 -1
2.60606 -1
1.00662 -1
2.88672 -1
1.9037 -1
2.52961 -1
1.74613 -1
2.12317 -1
1.18608 -1
2.3143 -1
3.09907 -1
3.18229 -1
2.58444 -1
1.85636 -1
1.0204 -1
1.00427 -1
1.86677 -1
1.46183 -1
1.34241 -1
1.01612 -1
3.20106 -1
2.46977 -1
1.76246 -1
1.17157 -1
2.60728 -1
1.35465 -1
2.21507 -1
1.65783 -1
1.15703 -1
2.04257 -1
1.22588 -1
2.36359 -1
4.24348 -1
1.43271 -1
1.959 -1
1.68336 -1
1.16025 -1
1.61943 -1
2.25176 -1
1.00664 -1
1.23416 -1
1.01518 -1
1.53896 -1
1.86906 -1
3.26639 -1
1.34146 -1
1.44155 -1
2.73639 -1
3.03684 -1
2.20765 -1
2.81178 -1
1.4813 -1
1.52174 -1
1.07421 -1
1.29438 -1
2.94037 -1
2.22559 -1
2.43491 -1
2.42361 -1
1.17629 -1
0.987277 -1
2.41568 -1
2.26202 -1
2.50647 -1
1.81137 -1
1.48585 -1
2.061 -1
1.50713 -1
4.0627 -1
3.08964 -1
1.27933 -1
2.15609 -1
1.44323 -1
1.98329 -1
1.14191 -1
4.59731 -1
2.77333 -1
1.35858 -1
0.98511 -1
1.39133 -1
1.22925 -1
1.07357 -1
1.10514 -1
1.44772 -1
1.70512 -1
1.73446 -1
1.87559 -1
2.4294 -1
2.52511 -1
2.28654 -1
1.39526 -1
1.8934 -1
3.71856 -1
2.00172 -1
1.1271 -1
2.68041 -1
2.74967 -1
2.65068 -1
4.49919 -1
1.21706 -1
2.09719 -1
2.23083 -1
2.10897 -1
2.09714 -1
1.54453 -1
2.54183 -1
1.31155 -1
3.36599 -1
1.57929 -1
3.47251 -1
1.86742 -1
0.850222 -1
1.07975 -1
4.26547 -1
1.63393 -1
0.992956 -1
1.89152 -1
1.70425 -1
1.65342 -1
3.93899 -1
1.69872 -1
3.37444 -1
2.3723 -1
2.282 -1
2.05659 -1
1.08544 -1
3.42475 -1
3.67753 -1
1.53227 -1
2.37928 -1
2.1476 -1
1.48174 -1
2.93444 -1
3.19436 -1
1.00637 -1
1.891 -1
0.625098 -1
1.73241 -1
1.75859 -1
1.69665 -1
1.55959 -1
2.9215 -1
3.46168 -1
2.46952 -1
3.66483 -1
1.2478 -1
3.88873 -1
0.989563 -1
1.38273 -1
2.96456 -1
1.00998 -1
0.987012 -1
3.22205 -1
2.20585 -1
2.19086 -1
0.99209 -1
2.13739 -1
1.26245 -1
1.52337 -1
2.1575 -1
2.43279 -1
1.88006 -1
1.54825 -1
1.68617 -1
2.07646 -1
1.78295 -1
2.00566 -1
2.0412 -1
3.97762 -1
1.46229 -1
3.65555 -1
3.12147 -1
4.15062 -1
3.68887 -1
2.35851 -1
1.64669 -1
2.72456 -1
3.8808 -1
3.72635 -1
3.63245 -1
4.91937 -1
2.26192 -1
2.21147 -1
2.2245 -1
0.99553 -1
2.21257 -1
1.08775 -1
1.7502 -1
2.8673 -1
2.75342 -1
3.05251 -1
2.8217 -1
2.4082 -1
2.63691 -1
3.07332 -1
3.34637 -1
3.05393 -1
2.05879 -1
2.69086 -1
2.9648 -1
3.47021 -1
4.34427 -1
2.47025 -1
1.51552 -1
1.02169 -1
3.1739 -1
2.45313 -1
3.66154 -1
2.64288 -1
2.80079 -1
2.19718 -1
3.2213 -1
2.82105 -1
2.85191 -1
2.41748 -1
1.91 -1
1.91594 -1
3.55691 -1
2.93238 -1
1.53976 -1
2.14141 -1
2.73826 -1
0.99596 -1
0.999077 -1
2.07884 -1
4.24767 -1
3.12653 -1
2.76215 -1
1.00519 -1
2.05798 -1
1.86903 -1
1.86683 -1
2.18646 -1
0.990146 -1
1.9663 -1
1.85735 -1
2.75278 -1
1.04211 -1
2.37532 -1
2.11153 -1
1.0245 -1
2.3044 -1
1.55526 -1
1.08409 -1
2.40055 -1
1.94327 -1
1.91154 -1
2.19797 -1
2.99664 -1
3.58722 -1
2.58134 -1
0.983992 -1
2.56629 -1
4.0174 -1
1.26311 -1
3.32 -1
2.32388 -1
2.7375 -1
1.62519 -1
3.09255 -1
2.19186 -1
2.16804 -1
4.22279 -1
2.42408 -1
2.64451 -1
2.4927 -1
2.61921 -1
3.79812 -1
3.01567 -1
2.37452 -1
1.88077 -1
2.12479 -1
2.14128 -1
2.76364 -1
3.69605 -1
2.39923 -1
2.58106 -1
2.36029 -1
2.95355 -1
2.94463 -1
3.18628 -1
2.08642 -1
2.989 -1
3.88999 -1
3.94078 -1
1.5422 -1
2.96174 -1
4.21829 -1
2.15865 -1
2.15244 -1
2.42147 -1
1.72374 -1
1.20291 -1
1.82886 -1
2.55509 -1
1.79742 -1
1.81004 -1
1.99174 -1
2.21285 -1
1.71746 -1
2.56454 -1
2.38477 -1
1.23154 -1
2.67601 -1
3.00525 -1
2.09147 -1
1.33989 -1
2.54548 -1
2.15055 -1
1.92475 -1
2.00551 -1
2.4886 -1
3.08123 -1
2.3796 -1
2.05174 -1
2.39365 -1
2.28324 -1
1.10452 -1
2.87952 -1
1.11587 -1
2.23164 -1
1.85355 -1
2.32389 -1
1.86633 -1
1.00214 -1
1.92189 -1
1.8212 -1
0.994898 -1
2.63892 -1
3.48886 -1
3.33218 -1
3.95895 -1
2.64945 -1
2.8092 -1
1.81872 -1
3.52538 -1
2.51913 -1
4.03017 -1
2.19659 -1
2.37498 -1
2.52362 -1
2.42013 -1
3.40995 -1
2.01541 -1
2.16019 -1
2.881 -1
3.01767 -1
2.99573 -1
2.29362 -1
2.10121 -1
1.6995 -1
1.55255 -1
1.20947 -1
3.0754 -1
2.23723 -1
3.03408 -1
2.56611 -1
2.23421 -1
1.76827 -1
1.85174 -1
2.06375 -1
2.04576 -1
1.98744 -1
3.18516 -1
1.20073 -1
2.27999 -1
1.35477 -1
1.86003 -1
2.24612 -1
2.90301 -1
2.84096 -1
1.66288 -1
3.05323 -1
2.50752 -1
1.731 -1
4.09811 -1
2.74513 -1
2.28501 -1
1.14892 -1
1.99675 -1
2.93713 -1
2.03848 -1
2.42399 -1
2.02677 -1
2.2714 -1
2.38045 -1
3.45325 -1
1.80757 -1
1.79473 -1
2.49972 -1
3.39484 -1
3.1324 -1
2.65775 -1
2.5596 -1
2.59523 -1
1.9369 -1
2.2483 -1
1.74525 -1
2.23046 -1
1.08094 -1
2.60934 -1
1.33728 -1
2.49651 -1
1.1281 -1
2.04861 -1
2.8234 -1
3.20172 -1
2.14643 -1
2.13256 -1
1.91722 -1
1.89422 -1
1.54302 -1
1.96364 -1
1.00145 -1
2.09824 -1
1.4654 -1
1.79703 -1
1.7333 -1
2.15777 -1
2.812 -1
2.03365 -1
1.8341 -1
1.82943 -1
2.4102 -1
1.14017 -1
3.07955 -1
1.56313 -1
1.95356 -1
2.45946 -1
2.187 -1
2.00837 -1
1.1944 -1
0.998024 -1
2.5279 -1
2.31918 -1
2.84407 -1
1.63624 -1
2.9962 -1
1.45015 -1
1.54216 -1
1.85588 -1
1.44988 -1
1.0792 -1
1.01708 -1
1.98601 -1
0.996165 -1
3.93363 -1
2.05495 -1
3.09471 -1
2.56738 -1
2.24244 -1
1.78213 -1
3.58547 -1
1.01139 -1
2.95769 -1
1.83716 -1
3.34844 -1
1.32172 -1
0.999704 -1
1.00758 -1
2.90378 -1
1.94333 -1
1.04527 -1
1.60664 -1
1.51403 -1
1.7181 -1
3.46758 -1
2.86038 -1
2.52476 -1
1.00499 -1
1.98527 -1
2.89423 -1
2.42938 -1
2.25605 -1
1.94791 -1
3.2801 -1
2.42174 -1
2.81644 -1
3.63298 -1
3.34741 -1
2.81062 -1
2.14186 -1
3.20379 -1
1.91659 -1
1.94992 -1
1.97155 -1
2.01906 -1
3.03709 -1
1.55725 -1
2.73961 -1
1.78032 -1
1.79876 -1
2.23464 -1
1.48848 -1
2.1791 -1
4.67012 -1
3.43948 -1
1.48909 -1
2.78476 -1
2.57815 -1
2.05598 -1
3.6925 -1
3.25315 -1
3.17097 -1
1.7613 -1
3.28699 -1
1.72875 -1
2.03109 -1
3.89183 -1
1.88884 -1
4.10558 -1
2.83379 -1
3.07369 -1
2.7947 -1
2.22975 -1
2.95696 -1
3.41052 -1
3.64514 -1
2.8214 -1
1.70995 -1
2.31488 -1
1.87486 -1
2.45293 -1
2.17754 -1
1.52312 -1
2.93211 -1
2.21325 -1
2.07662 -1
1.31967 -1
2.27273 -1
1.73333 -1
1.28561 -1
1.07926 -1
3.44857 -1
1.01168 -1
3.89282 -1
1.69267 -1
2.91364 -1
2.44401 -1
1.34403 -1
2.51499 -1
1.85251 -1
1.68788 -1
1.82824 -1
2.55194 -1
3.40352 -1
1.94364 -1
1.69229 -1
2.02329 -1
2.1357 -1
3.24686 -1
1.55619 -1
3.90735 -1
2.47625 -1
2.63725 -1
3.40075 -1
3.208 -1
2.54949 -1
3.29702 -1
2.1074 -1
1.01388 -1
1.14878 -1
1.42574 -1
0.989838 -1
1.33143 -1
1.17188 -1
2.90159 -1
2.97543 -1
2.07921 -1
4.04011 -1
1.01789 -1
2.78567 -1
0.997135 -1
2.42292 -1
3.92652 -1
3.76629 -1
1.29434 -1
2.00791 -1
1.01364 -1
3.27211 -1
2.16063 -1
2.54384 -1
2.87537 -1
1.00906 -1
1.0024 -1
2.40968 -1
1.78296 -1
3.86155 -1
2.40553 -1
1.98382 -1
1.15843 -1
3.30876 -1
2.35919 -1
1.90789 -1
3.69315 -1
3.26512 -1
1.71542 -1
2.56871 -1
1.46575 -1
2.65326 -1
3.10161 -1
4.66954 -1
2.52444 -1
1.56155 -1
2.43553 -1
2.36064 -1
1.00706 -1
1.93913 -1
2.28307 -1
1.80706 -1
3.31603 -1
2.71751 -1
1.97966 -1
1.59861 -1
3.23094 -1
3.29346 -1
1.39536 -1
2.19904 -1
4.13057 -1
3.2481 -1
3.40212 -1
3.70666 -1
2.19533 -1
1.94732 -1
4.8399 -1
4.09351 -1
2.27317 -1
2.78834 -1
1.83098 -1
1.87422 -1
2.30611 -1
1.6023 -1
2.61828 -1
2.73658 -1
2.51405 -1
2.42616 -1
2.48942 -1
2.47737 -1
2.45624 -1
3.02557 -1
2.16058 -1
1.73843 -1
3.30268 -1
2.10237 -1
3.19298 -1
3.33956 -1
2.88319 -1
4.84829 -1
1.62921 -1
3.05348 -1
1.97706 -1
1.83003 -1
2.38187 -1
2.64723 -1
2.43097 -1
2.72107 -1
2.2562 -1
4.28607 -1
3.37355 -1
2.2625 -1
1.96112 -1
2.08932 -1
2.29922 -1
1.28651 -1
2.35365 -1
2.75081 -1
2.95654 -1
2.39742 -1
2.72323 -1
4.00175 -1
2.25137 -1
3.4439 -1
3.13511 -1
4.89369 -1
4.87886 -1
1.70621 -1
3.47582 -1
3.5149 -1
3.45646 -1
4.00934 -1
1.94202 -1
1.42908 -1
4.43981 -1
1.93162 -1
2.4729 -1
2.46873 -1
2.63543 -1
3.99982 -1
2.24162 -1
1.84132 -1
2.24841 -1
2.57495 -1
2.79341 -1
3.03811 -1
2.91677 -1
2.73021 -1
2.64598 -1
2.44973 -1
1.54361 -1
2.6228 -1
1.76623 -1
1.01373 -1
3.24802 -1
1.1794 -1
2.08843 -1
0.987159 -1
1.90489 -1
2.43256 -1
1.5983 -1
1.79638 -1
1.35045 -1
1.53795 -1
2.71139 -1
1.80257 -1
2.37118 -1
3.23398 -1
1.59928 -1
1.23731 -1
2.47739 -1
3.08022 -1
1.41636 -1
2.81914 -1
1.01032 -1
2.20562 -1
2.21163 -1
2.09322 -1
1.97872 -1
1.52349 -1
2.34681 -1
2.35307 -1
1.87969 -1
1.75577 -1
1.10031 -1
1.7865 -1
2.47601 -1
2.51921 -1
2.78519 -1
2.26254 -1
2.22905 -1
2.54975 -1
3.05284 -1
3.11184 -1
2.54341 -1
2.77394 -1
2.24239 -1
2.67354 -1
3.79882 -1
3.65779 -1
2.42509 -1
2.09328 -1
2.07499 -1
2.93889 -1
1.9126 -1
3.2474 -1
2.91123 -1
3.47084 -1
3.03993 -1
3.42017 -1
3.55166 -1
3.50655 -1
1.51033 -1
4.22085 -1
2.9533 -1
1.82933 -1
3.65954 -1
3.33571 -1
1.84158 -1
2.19238 -1
3.88508 -1
2.4363 -1
2.6665 -1
3.32551 -1
1.97141 -1
3.13047 -1
3.42483 -1
1.81727 -1
1.23647 -1
2.09031 -1
2.08717 -1
2.29759 -1
3.41687 -1
2.98824 -1
2.84335 -1
2.21607 -1
3.45714 -1
1.75737 -1
2.30428 -1
2.54312 -1
1.42852 -1
3.52585 -1
2.41316 -1
3.8736 -1
3.38991 -1
2.97739 -1
1.70813 -1
3.18745 -1
3.57939 -1
1.79593 -1
2.54424 -1
3.48165 -1
3.13039 -1
3.45111 -1
2.75747 -1
2.16935 -1
2.34294 -1
2.32749 -1
3.44473 -1
3.78863 -1
2.58972 -1
1.67936 -1
2.27688 -1
1.01762 -1
2.49349 -1
1.07113 -1
2.73235 -1
1.63575 -1
2.38255 -1
1.90462 -1
1.33667 -1
2.04911 -1
1.37703 -1
1.5856 -1
1.43189 -1
1.78133 -1
1.71363 -1
1.41426 -1
0.985598 -1
1.77878 -1
1.73529 -1
1.80292 -1
1.37168 -1
1.43074 -1
2.73622 -1
2.30066 -1
2.07218 -1
1.92327 -1
1.69391 -1
1.38255 -1
1.76106 -1
3.81086 -1
1.18093 -1
1.97786 -1
3.84961 -1
1.58171 -1
2.11914 -1
2.40098 -1
1.57258 -1
1.91225 -1
1.39381 -1
1.90264 -1
2.0486 -1
1.39914 -1
2.12262 -1
0.998737 -1
2.45351 -1
2.82517 -1
2.37142 -1
2.37463 -1
1.35374 -1
2.06511 -1
1.9398 -1
1.70632 -1
2.5617 -1
1.19613 -1
1.76862 -1
2.7675 -1
1.08524 -1
1.28275 -1
2.1633 -1
1.82393 -1
2.11901 -1
1.6692 -1
1.99349 -1
1.52204 -1
2.25772 -1
1.6504 -1
1.50633 -1
1.75048 -1
1.0144 -1
1.41217 -1
1.74067 -1
2.15839 -1
1.35965 -1
1.94477 -1
2.76875 -1
1.58763 -1
2.71672 -1
1.73352 -1
1.97542 -1
2.99957 -1
2.00725 -1
1.83358 -1
2.287 -1
1.94827 -1
2.90628 -1
3.18367 -1
2.96009 -1
3.2917 -1
2.47858 -1
2.26993 -1
3.8955 -1
2.15182 -1
2.87554 -1
2.12811 -1
2.73614 -1
3.72695 -1
2.58162 -1
2.87883 -1
1.00736 -1
2.67932 -1
2.55181 -1
3.23672 -1
2.483 -1
4.39994 -1
2.05718 -1
3.14845 -1
3.84796 -1
2.07215 -1
2.19648 -1
1.38852 -1
2.70951 -1
3.4544 -1
3.00997 -1
1.56495 -1
2.4316 -1
1.25831 -1
2.67831 -1
1.98578 -1
3.53364 -1
3.82782 -1
4.26659 -1
2.7507 -1
1.9303 -1
4.31897 -1
4.28275 -1
2.23091 -1
2.45144 -1
3.52044 -1
2.03338 -1
0.994934 -1
1.38457 -1
1.87234 -1
2.75988 -1
2.22551 -1
1.18719 -1
1.65043 -1
1.79891 -1
1.90151 -1
1.0998 -1
1.4123 -1
1.60311 -1
1.47819 -1
3.06646 -1
2.91977 -1
2.13441 -1
3.99464 -1
0.993231 -1
1.38963 -1
2.01419 -1
1.87702 -1
4.39749 -1
3.54094 -1
3.45407 -1
3.11247 -1
2.28742 -1
3.90121 -1
3.35714 -1
4.82746 -1
1.69065 -1
2.21655 -1
1.80016 -1
1.58362 -1
2.20376 -1
3.15466 -1
2.21222 -1
1.5286 -1
2.84133 -1
2.15395 -1
1.71151 -1
2.97989 -1
1.21018 -1
2.0671 -1
1.77958 -1
1.00407 -1
2.01335 -1
2.33058 -1
3.24854 -1
1.77002 -1
2.47507 -1
2.47456 -1
2.21324 -1
1.71224 -1
2.11159 -1
2.23776 -1
1.77279 -1
1.71191 -1
0.997963 -1
1.87236 -1
2.88054 -1
1.39279 -1
0.994491 -1
2.10182 -1
4.34968 -1
2.26904 -1
2.71627 -1
1.49679 -1
4.64241 -1
3.30115 -1
1.93277 -1
2.77956 -1
2.42911 -1
1.66182 -1
1.97141 -1
1.54472 -1
2.15774 -1
3.33774 -1
2.85429 -1
2.34146 -1
2.36764 -1
1.01202 -1
0.995744 -1
2.57404 -1
1.11146 -1
2.11613 -1
1.18219 -1
2.31555 -1
1.4759 -1
0.986926 -1
1.60338 -1
1.2848 -1
1.57705 -1
2.90229 -1
4.16109 -1
1.17745 -1
1.56211 -1
2.76832 -1
1.62333 -1
1.63172 -1
3.24606 -1
2.98054 -1
1.7221 -1
3.05041 -1
3.41382 -1
3.36417 -1
3.36473 -1
3.32392 -1
2.72872 -1
3.89906 -1
3.30981 -1
2.71078 -1
1.96191 -1
1.54106 -1
1.73684 -1
2.18913 -1
2.64107 -1
2.32723 -1
3.13586 -1
3.2642 -1
1.66715 -1
2.84941 -1
2.09772 -1
2.6135 -1
1.01418 -1
4.14082 -1
4.31321 -1
2.61323 -1
1.0071 -1
1.38742 -1
1.67906 -1
2.06966 -1
1.19678 -1
1.6888 -1
2.63834 -1
3.07854 -1
2.83878 -1
1.03128 -1
3.15491 -1
4.72431 -1
3.28572 -1
1.00452 -1
2.33728 -1
3.0332 -1
3.11875 -1
1.50387 -1
2.71566 -1
2.92494 -1
2.5972 -1
2.0888 -1
3.72734 -1
1.90698 -1
0.999407 -1
1.44996 -1
1.36662 -1
3.39579 -1
2.3078 -1
2.57358 -1
1.51592 -1
1.04859 -1
1.65409 -1
2.90343 -1
0.995545 -1
1.31403 -1
1.74015 -1
1.69611 -1
1.89124 -1
2.87967 -1
0.996204 -1
2.23313 -1
2.3769 -1
1.38315 -1
1.90175 -1
1.13353 -1
1.56986 -1
1.52116 -1
1.50535 -1
1.6485 -1
2.35472 -1
2.18811 -1
1.93843 -1
1.81873 -1
3.68744 -1
2.95622 -1
2.79629 -1
2.56902 -1
3.94478 -1
3.50717 -1
4.21434 -1
3.84195 -1
3.78654 -1
1.93158 -1
2.43599 -1
2.23613 -1
1.99132 -1
3.10297 -1
2.77866 -1
3.78209 -1
3.27433 -1
3.06397 -1
2.33883 -1
3.44463 -1
2.08678 -1
2.63871 -1
0.990663 -1
2.4177 -1
2.98375 -1
4.33328 -1
1.52716 -1
2.09648 -1
3.26834 -1
2.53861 -1
2.65442 -1
3.26136 -1
2.17704 -1
2.42002 -1
2.30053 -1
3.53934 -1
1.78801 -1
3.18987 -1
0.985017 -1
4.20219 -1
1.00025 -1
2.23806 -1
2.58305 -1
3.5346 -1
3.72206 -1
3.29074 -1
2.85134 -1
1.003 -1
0.990018 -1
0.530962 -1
2.85645 -1
2.68944 -1
2.17493 -1
2.23681 -1
3.51564 -1
1.97879 -1
1.18385 -1
0.997616 -1
2.62505 -1
3.64283 -1
3.56636 -1
1.77924 -1
3.28965 -1
2.35961 -1
2.09656 -1
1.60585 -1
1.38693 -1
1.60373 -1
1.47455 -1
1.00538 -1
1.19255 -1
2.15882 -1
1.99147 -1
2.40328 -1
2.29448 -1
1.56612 -1
1.84207 -1
2.72925 -1
2.31528 -1
3.73204 -1
2.36886 -1
3.83059 -1
1.01127 -1
3.27873 -1
2.0203 -1
1.22708 -1
2.82209 -1
1.09175 -1
1.1076 -1
2.13972 -1
3.62555 -1
1.5646 -1
1.93968 -1
3.51105 -1
1.8312 -1
3.17804 -1
2.6044 -1
2.29332 -1
1.26805 -1
1.69477 -1
2.4638 -1
2.93257 -1
2.58072 -1
1.32019 -1
2.28209 -1
1.66118 -1
2.0085 -1
3.25441 -1
1.43163 -1
1.92897 -1
1.8127 -1
1.74725 -1
1.36093 -1
0.966755 -1
2.51265 -1
2.14885 -1
0.992736 -1
1.96062 -1
1.66646 -1
2.02059 -1
1.43336 -1
1.76601 -1
1.11105 -1
2.71275 -1
2.09121 -1
2.99359 -1
1.92457 -1
3.61741 -1
2.9977 -1
1.33282 -1
1.30419 -1
2.97429 -1
2.00933 -1
2.63682 -1
1.83223 -1
2.6309 -1
1.89777 -1
1.9581 -1
1.04707 -1
1.01118 -1
2.8452 -1
2.69826 -1
4.05495 -1
2.53379 -1
1.95767 -1
1.8236 -1
1.47344 -1
3.1537 -1
2.53819 -1
1.79245 -1
2.98606 -1
2.33198 -1
2.59432 -1
1.55824 -1
1.21579 -1
1.9431 -1
1.77045 -1
2.21595 -1
1.95743 -1
2.36341 -1
1.61584 -1
1.8772 -1
2.06462 -1
2.07069 -1
1.25401 -1
1.98488 -1
2.70074 -1
1.68237 -1
1.76035 -1
2.08971 -1
1.31667 -1
2.55797 -1
2.006 -1
2.2821 -1
2.08888 -1
2.29077 -1
2.22777 -1
2.36218 -1
2.6636 -1
4.67011 -1
2.48433 -1
1.32873 -1
0.991452 -1
1.66019 -1
2.40754 -1
2.17486 -1
2.50854 -1
0.995952 -1
1.27872 -1
3.14088 -1
2.30555 -1
1.99921 -1
2.04583 -1
1.78113 -1
1.95734 -1
1.72691 -1
2.11534 -1
2.41649 -1
2.06457 -1
1.64265 -1
2.33427 -1
3.29203 -1
2.51496 -1
1.33923 -1
1.59706 -1
3.14131 -1
2.56311 -1
1.60148 -1
2.8182 -1
2.81802 -1
1.97291 -1
1.49315 -1
1.92875 -1
1.26853 -1
1.85034 -1
1.66943 -1
0.996931 -1
3.3058 -1
3.29781 -1
2.26967 -1
1.00344 -1
2.13128 -1
1.53806 -1
0.990617 -1
3.20885 -1
3.05338 -1
4.52623 -1
2.11734 -1
2.97732 -1
2.3633 -1
1.96552 -1
2.29036 -1
1.79766 -1
2.04206 -1
2.16918 -1
2.39032 -1
2.96235 -1
1.8042 -1
2.29834 -1
1.91011 -1
2.09021 -1
2.07786 -1
0.997382 -1
1.86094 -1
1.764 -1
1.89067 -1
2.0967 -1
1.81287 -1
2.31162 -1
2.63462 -1
2.63029 -1
2.98266 -1
1.67394 -1
1.61927 -1
1.47094 -1
2.76797 -1
1.95465 -1
2.97479 -1
2.20349 -1
2.01623 -1
2.5107 -1
3.25312 -1
1.73668 -1
1.94613 -1
2.89599 -1
2.08138 -1
2.64207 -1
1.32661 -1
1.81746 -1
2.0361 -1
2.60496 -1
2.01595 -1
2.43442 -1
2.42995 -1
3.25065 -1
3.12189 -1
2.6771 -1
3.02927 -1
1.60157 -1
2.13344 -1
2.2602 -1
1.53143 -1
2.30204 -1
1.69762 -1
1.71869 -1
1.83411 -1
1.94609 -1
3.15362 -1
2.09661 -1
0.995718 -1
1.35748 -1
2.11051 -1
0.994361 -1
2.39303 -1
2.51335 -1
2.84154 -1
1.6775 -1
2.37308 -1
1.49878 -1
1.01528 -1
2.51724 -1
0.990858 -1
1.22755 -1
1.68787 -1
2.1948 -1
0.99834 -1
1.25281 -1
1.00215 -1
0.991334 -1
2.08279 -1
1.11403 -1
2.8467 -1
1.04498 -1
1.31121 -1
1.9878 -1
1.57522 -1
2.1596 -1
3.04046 -1
3.39727 -1
0.987444 -1
1.87685 -1
0.984938 -1
2.22496 -1
1.34623 -1
1.0484 -1
2.16909 -1
2.58727 -1
2.29866 -1
2.58193 -1
2.09046 -1
1.59669 -1
2.18756 -1
0.987738 -1
1.00216 -1
2.22737 -1
1.35545 -1
2.06407 -1
3.73165 -1
2.72648 -1
1.56892 -1
2.72163 -1
2.14241 -1
1.19987 -1
2.0062 -1
2.0493 -1
1.82338 -1
2.25713 -1
1.9992 -1
1.00946 -1
1.01165 -1
1.49776 -1
1.28552 -1
2.43973 -1
2.01426 -1
1.47263 -1
1.70174 -1
1.84291 -1
2.71246 -1
3.52974 -1
2.73244 -1
2.73156 -1
2.09683 -1
2.31741 -1
2.11107 -1
1.78474 -1
1.94911 -1
2.61875 -1
1.87824 -1
2.55419 -1
1.41488 -1
2.29813 -1
2.29754 -1
2.2141 -1
1.86705 -1
0.988173 -1
0.988245 -1
1.73968 -1
1.44178 -1
2.44605 -1
2.19936 -1
2.03488 -1
2.19864 -1
2.07023 -1
1.91526 -1
0.991081 -1
1.83483 -1
2.80644 -1
2.19852 -1
2.38342 -1
1.61593 -1
2.42407 -1
1.8127 -1
2.01442 -1
1.3832 -1
2.03798 -1
1.19819 -1
1.55529 -1
2.3944 -1
1.89166 -1
1.92813 -1
3.09148 -1
1.40387 -1
2.00808 -1
1.50054 -1
1.32184 -1
0.994244 -1
3.07058 -1
3.25943 -1
2.16418 -1
1.80702 -1
2.2529 -1
1.55209 -1
1.94602 -1
1.18324 -1
2.26512 -1
2.18599 -1
3.08294 -1
1.83684 -1
2.05279 -1
2.93943 -1
2.09744 -1
1.74879 -1
1.50963 -1
1.86555 -1
3.09919 -1
1.57418 -1
2.37796 -1
2.51877 -1
1.01441 -1
3.48496 -1
1.69292 -1
1.93391 -1
3.14566 -1
1.33844 -1
1.91979 -1
1.2308 -1
1.0546 -1
2.47261 -1
1.79592 -1
1.03316 -1
2.08536 -1
2.24071 -1
1.11793 -1
1.70181 -1
1.25441 -1
1.87772 -1
1.31007 -1
1.78422 -1
1.91069 -1
2.15005 -1
2.07764 -1
2.19576 -1
1.79257 -1
1.72391 -1
1.37871 -1
2.68799 -1
3.0614 -1
1.84688 -1
1.69169 -1
2.0494 -1
1.07729 -1
0.988006 -1
1.76406 -1
2.64806 -1
2.23944 -1
1.67595 -1
2.05805 -1
1.77723 -1
2.69778 -1
1.72129 -1
2.38177 -1
1.45453 -1
1.2354 -1
2.49711 -1
1.73616 -1
1.60929 -1
2.53156 -1
2.08301 -1
1.44897 -1
1.27344 -1
1.83742 -1
1.76745 -1
2.07073 -1
2.7738 -1
2.32899 -1
2.8457 -1
1.92157 -1
2.2766 -1
2.70275 -1
1.70715 -1
1.53891 -1
2.4522 -1
1.17667 -1
1.46556 -1
2.50399 -1
0.997074 -1
1.08029 -1
1.73314 -1
1.63736 -1
1.31224 -1
2.53486 -1
1.73749 -1
2.13142 -1
3.01429 -1
1.5814 -1
1.70489 -1
2.51442 -1
2.46428 -1
1.69275 -1
2.3781 -1
1.18926 -1
1.64089 -1
1.61073 -1
1.02612 -1
2.32079 -1
2.20161 -1
2.09507 -1
2.38358 -1
1.52732 -1
1.64457 -1
1.16719 -1
2.14105 -1
1.53349 -1
1.30607 -1
2.23535 -1
1.56486 -1
1.73518 -1
1.77326 -1
1.62909 -1
1.4887 -1
1.88668 -1
2.50947 -1
1.37294 -1
2.48374 -1
2.31236 -1
1.45837 -1
2.14834 -1
2.00904 -1
1.95914 -1
2.08375 -1
1.89426 -1
1.16722 -1
1.64602 -1
2.28296 -1
1.23902 -1
1.39929 -1
2.5779 -1
1.94505 -1
1.83902 -1
2.11574 -1
1.74594 -1
1.60037 -1
1.7961 -1
1.04707 -1
1.64581 -1
1.75025 -1
1.99692 -1
1.53264 -1
2.51053 -1
1.8598 -1
1.66942 -1
1.66968 -1
2.05111 -1
1.68424 -1
1.79524 -1
1.91608 -1
1.79641 -1
1.50824 -1
1.82918 -1
2.2976 -1
3.21 -1
2.24417 -1
2.00229 -1
1.74683 -1
3.36109 -1
3.41072 -1
2.50662 -1
1.06112 -1
2.13186 -1
1.39973 -1
1.75553 -1
1.41132 -1
2.14374 -1
1.7875 -1
2.00395 -1
2.17405 -1
2.19599 -1
2.48518 -1
2.53937 -1
1.73226 -1
1.8313 -1
1.19895 -1
2.10264 -1
2.10525 -1
2.13475 -1
2.44895 -1
1.00959 -1
1.87419 -1
1.3118 -1
2.07345 -1
2.10825 -1
1.78608 -1
1.83501 -1
1.75599 -1
2.84977 -1
1.7818 -1
2.21064 -1
1.45107 -1
2.01516 -1
1.66128 -1
2.14845 -1
2.47168 -1
1.39794 -1
2.38472 -1
2.13386 -1
2.96622 -1
2.05387 -1
1.59677 -1
1.51954 -1
2.60994 -1
1.80222 -1
2.34707 -1
0.99091 -1
2.62186 -1
1.85242 -1
2.38267 -1
0.990981 -1
1.07671 -1
1.95409 -1
1.89054 -1
0.998996 -1
1.36336 -1
1.98842 -1
2.20437 -1
1.30671 -1
2.03824 -1
1.29041 -1
2.41649 -1
2.41378 -1
2.6624 -1
1.07717 -1
2.62695 -1
2.44279 -1
2.1134 -1
1.62912 -1
2.14774 -1
1.26102 -1
1.01292 -1
2.11682 -1
1.77382 -1
1.52151 -1
1.97545 -1
1.64177 -1
0.986857 -1
2.38935 -1
1.72385 -1
2.31027 -1
1.01412 -1
2.68669 -1
1.10684 -1
1.57292 -1
1.19042 -1
2.58194 -1
2.29879 -1
1.49621 -1
2.03975 -1
2.32179 -1
3.1612 -1
1.15089 -1
1.71804 -1
2.13168 -1
2.13123 -1
1.92564 -1
2.746 -1
2.41996 -1
1.48699 -1
2.71038 -1
2.87606 -1
2.5665 -1
1.84889 -1
1.98692 -1
2.43421 -1
1.8338 -1
2.62233 -1
1.96288 -1
2.34102 -1
0.983231 -1
3.28295 -1
1.07861 -1
0.986673 -1
1.45037 -1
1.70096 -1
1.00925 -1
2.14902 -1
1.42177 -1
1.55201 -1
1.64206 -1
1.44117 -1
1.71716 -1
1.4912 -1
1.2307 -1
2.29916 -1
2.38752 -1
1.76053 -1
1.46943 -1
1.85255 -1
1.69616 -1
1.26459 -1
1.9446 -1
2.28323 -1
2.33388 -1
1.88409 -1
2.46717 -1
2.92004 -1
1.20908 -1
1.35565 -1
1.8145 -1
1.72105 -1
2.40731 -1
1.38483 -1
2.22834 -1
2.0756 -1
1.00197 -1
2.53129 -1
2.42308 -1
0.743352 -1
1.80379 -1
2.56848 -1
1.81648 -1
1.56411 -1
1.31461 -1
1.97827 -1
2.1069 -1
1.97198 -1
2.28707 -1
1.7907 -1
1.49179 -1
2.02856 -1
1.8656 -1
1.6476 -1
1.78866 -1
1.13984 -1
3.0968 -1
1.94643 -1
1.63276 -1
1.13813 -1
1.40638 -1
0.992809 -1
2.35336 -1
2.08057 -1
1.18544 -1
1.49132 -1
2.93886 -1
1.75197 -1
1.45498 -1
1.22078 -1
2.10735 -1
1.9355 -1
1.44698 -1
0.989425 -1
2.10089 -1
2.10349 -1
1.69097 -1
1.54717 -1
2.3082 -1
1.71679 -1
1.65359 -1
1.90519 -1
1.77349 -1
2.76521 -1
2.47303 -1
1.83017 -1
2.56718 -1
2.46892 -1
1.67953 -1
3.14101 -1
3.60689 -1
4.05633 -1
4.46243 -1
2.93961 -1
3.10607 -1
1.22316 -1
2.49719 -1
2.03286 -1
1.68319 -1
0.99529 -1
1.68706 -1
1.63847 -1
2.82276 -1
2.07945 -1
2.73421 -1
2.28741 -1
3.94232 -1
2.75329 -1
1.40659 -1
2.28968 -1
1.91783 -1
2.47908 -1
4.5452 -1
3.29925 -1
3.02456 -1
2.58103 -1
2.69292 -1
1.64962 -1
3.63633 -1
3.06729 -1
2.40629 -1
3.33784 -1
3.68551 -1
3.97401 -1
3.04121 -1
1.44886 -1
2.08296 -1
0.993814 -1
1.50625 -1
4.02034 -1
2.54383 -1
1.12636 -1
2.64375 -1
1.43507 -1
3.75447 -1
2.38422 -1
2.20367 -1
2.08872 -1
2.76302 -1
2.94736 -1
2.69815 -1
1.00388 -1
1.95816 -1
1.39797 -1
1.00544 -1
1.73438 -1
1.15828 -1
1.53319 -1
2.25351 -1
1.5225 -1
1.52178 -1
2.60138 -1
2.55401 -1
2.42761 -1
2.08772 -1
2.3307 -1
1.08471 -1
2.54981 -1
3.13606 -1
2.15907 -1
2.35586 -1
1.35997 -1
1.63647 -1
2.75948 -1
3.23043 -1
2.50056 -1
1.98235 -1
1.49914 -1
0.996823 -1
1.89988 -1
2.80088 -1
3.06163 -1
1.13982 -1
1.71348 -1
3.38521 -1
2.24181 -1
2.07185 -1
2.06857 -1
1.55669 -1
1.35608 -1
1.53965 -1
0.988009 -1
1.86155 -1
1.77939 -1
1.5209 -1
1.65739 -1
1.30622 -1
1.00007 -1
1.30358 -1
3.1213 -1
1.31693 -1
0.988132 -1
3.84537 -1
0.993896 -1
2.2373 -1
3.4353 -1
1.9892 -1
1.72211 -1
3.49101 -1
2.27694 -1
1.91924 -1
3.44498 -1
3.77952 -1
1.72129 -1
1.21538 -1
2.25883 -1
3.39607 -1
0.967187 -1
1.00311 -1
1.58926 -1
2.94729 -1
1.43069 -1
1.761 -1
1.90965 -1
2.9211 -1
2.2076 -1
2.31553 -1
2.91875 -1
3.3092 -1
2.44384 -1
1.76409 -1
2.56333 -1
1.86963 -1
1.23923 -1
1.65548 -1
3.69035 -1
1.16373 -1
1.65535 -1
1.52692 -1
1.64199 -1
2.21916 -1
1.69652 -1
1.66487 -1
2.76339 -1
2.48393 -1
2.02849 -1
2.35082 -1
1.00361 -1
2.14062 -1
3.67921 -1
2.46898 -1
2.76549 -1
2.70599 -1
1.43951 -1
2.95228 -1
0.988871 -1
2.18898 -1
1.45284 -1
2.06749 -1
1.80649 -1
1.53562 -1
2.37129 -1
1.86544 -1
1.30905 -1
2.00987 -1
2.54932 -1
1.3246 -1
3.28417 -1
1.99601 -1
4.21781 -1
2.33343 -1
1.71454 -1
2.72047 -1
1.55294 -1
1.23564 -1
2.02068 -1
2.50154 -1
1.98225 -1
1.98437 -1
3.0108 -1
1.30359 -1
1.04796 -1
2.60582 -1
2.5928 -1
1.98832 -1
1.77039 -1
2.49675 -1
2.55659 -1
2.05036 -1
1.21834 -1
1.82487 -1
1.98055 -1
0.995622 -1
2.98751 -1
2.04678 -1
1.63903 -1
2.37552 -1
3.73029 -1
2.41465 -1
2.29262 -1
2.97752 -1
2.43865 -1
1.58741 -1
1.3727 -1
1.46881 -1
2.26016 -1
1.72423 -1
1.64299 -1
2.83227 -1
1.87038 -1
1.53211 -1
1.25859 -1
2.08771 -1
0.987996 -1
0.985637 -1
2.25133 -1
2.11151 -1
1.33625 -1
1.80317 -1
0.995027 -1
1.68091 -1
1.71124 -1
1.3072 -1
1.01326 -1
1.90277 -1
1.81231 -1
5.1347 -1
1.70934 -1
2.47347 -1
2.05293 -1
1.92271 -1
1.41188 -1
1.28505 -1
1.82992 -1
1.94225 -1
1.96336 -1
1.83716 -1
2.03476 -1
1.75153 -1
1.40186 -1
1.66585 -1
2.01552 -1
1.64187 -1
1.9159 -1
1.67396 -1
4.2974 -1
1.08073 -1
1.77866 -1
2.19184 -1
2.83638 -1
4.48486 -1
2.3126 -1
1.61039 -1
1.38347 -1
1.32466 -1
1.919 -1
0.988043 -1
2.07282 -1
1.88264 -1
2.05419 -1
1.9479 -1
1.49372 -1
1.38739 -1
2.35594 -1
1.97933 -1
1.38055 -1
1.9675 -1
1.25036 -1
1.43913 -1
2.29199 -1
1.39006 -1
1.21234 -1
1.458 -1
1.19503 -1
1.8283 -1
1.98178 -1
1.43861 -1
1.71948 -1
1.78966 -1
1.49895 -1
2.4871 -1
2.18055 -1
1.97796 -1
3.01713 -1
2.69197 -1
1.70199 -1
2.58773 -1
2.37951 -1
2.32715 -1
1.61521 -1
1.80624 -1
2.11195 -1
2.59805 -1
2.95507 -1
1.24554 -1
3.26122 -1
1.91644 -1
2.00868 -1
1.99072 -1
1.91484 -1
3.36633 -1
1.74858 -1
1.64119 -1
1.72017 -1
1.46862 -1
2.12846 -1
1.19561 -1
2.78321 -1
1.53599 -1
3.1684 -1
1.97855 -1
2.80768 -1
