4500 2
-1.16718 1
1.76784 -1
-0.53449 1
-0.411853 1
-0.157421 1
-0.620147 1
-1.98242 1
-1.89898 1
-1.04795 1
0.102895 -1
0.0184544 -1
-0.156052 1
-0.616998 1
0.257968 -1
-0.423513 1
-0.0186948 1
0.0435379 -1
0.16081 -1
0.371541 -1
-0.823082 1
0.642047 -1
-0.650364 1
-0.0616266 1
-0.532481 1
-0.0370173 1
0.41772 -1
-1.10172 1
-1.87867 1
0.168496 -1
0.385027 -1
0.43925 -1
-1.10538 1
0.515717 -1
-0.160959 1
-0.595632 1
0.857791 -1
-1.0074 1
-1.69688 1
-1.29779 1
-0.74595 1
0.464542 -1
-0.590637 1
-0.742246 1
-0.26313 1
-0.649837 1
-0.919535 1
0.142625 -1
-0.811518 1
-0.537833 1
0.931184 -1
-1.30128 1
0.16 -1
-0.598709 1
-1.09368 1
-1.55759 1
-1.3521 1
-0.883272 1
-0.999998 1
-0.773595 1
-1 1
-0.535233 1
-0.691565 1
-0.0768422 1
0.618727 -1
-0.944523 1
-0.854248 1
-1.02559 1
-0.429413 1
-0.945449 1
-0.236819 1
-1.5397 1
-0.439617 1
-0.831451 1
-0.967841 1
0.271771 -1
0.379288 -1
-0.842588 1
-0.147388 1
-0.704914 1
-1.22074 1
-0.737569 1
0.169737 -1
-1.09702 1
-0.000446471 1
-1.47915 1
-0.635357 1
-0.560522 1
-1.24981 1
-1.43409 1
-1.07966 1
-1.34567 1
0.691554 -1
-1.02628 1
0.344886 -1
-1.10129 1
-0.924425 1
-0.860762 1
-0.692127 1
-0.471001 1
-1.7827 1
-0.968741 1
-1.24915 1
-1.64022 1
-0.155404 1
-1 1
-0.983147 1
-0.414675 1
-1.27613 1
-1.60514 1
-0.769105 1
-1.37279 1
-0.577463 1
-1.20948 1
-0.958653 1
-0.0851044 1
-1.18906 1
-0.242652 1
-1.10414 1
-1.25895 1
-0.611964 1
-0.46702 1
-0.718916 1
-1.05128 1
-0.31778 1
0.0926321 -1
-0.686806 1
-1.04462 1
-0.732854 1
-0.111819 1
-0.308506 1
-0.356534 1
-0.0636024 1
-0.165881 1
-1 1
-0.57362 1
-0.101024 1
-0.333051 1
-0.557551 1
-0.623073 1
-0.694431 1
-0.42253 1
-0.218529 1
-1.17563 1
-0.159943 1
-0.961576 1
-1.65604 1
-1.09448 1
-0.649254 1
0.255698 -1
-0.999998 1
-0.387368 1
-0.0442719 1
-0.976237 1
-0.677188 1
-1.08921 1
-0.957004 1
0.69639 -1
-1.12135 1
-0.736416 1
-1.16075 1
0.555925 -1
-0.683904 1
-0.64546 1
-1.32014 1
-0.690069 1
-0.498323 1
0.940725 -1
-1.02247 1
0.142899 -1
-0.548166 1
-1.58206 1
-1.10648 1
-0.49563 1
-1.48838 1
-1.79493 1
-0.25679 1
-0.876691 1
-0.242638 1
-1.20864 1
-0.928119 1
-0.231999 1
-0.330188 1
-0.953806 1
-1.13336 1
-0.540097 1
-1.08358 1
-0.49163 1
-0.272636 1
0.364501 -1
-0.311411 1
-0.208539 1
-0.686973 1
-1.57915 1
-0.988413 1
-0.221383 1
-1.05129 1
-1.46999 1
-1.05072 1
-0.325426 1
-1.18499 1
-1.07833 1
-0.855501 1
-1.66388 1
0.46418 -1
-0.636885 1
-0.988378 1
0.111157 -1
-1.30332 1
-0.998929 1
-1.27124 1
-0.781835 1
0.062435 -1
0.0633157 -1
-1.30733 1
0.020939 -1
-1 1
-1 1
-1.88471 1
-1.47548 1
-1.28241 1
-1.5427 1
-0.182646 1
-1.97681 1
0.263874 -1
-1.52077 1
0.42438 -1
-1.36508 1
-1.26442 1
0.154319 -1
-0.547652 1
-0.547348 1
-0.0970129 1
-1.22456 1
-0.146252 1
-1.13896 1
-0.546279 1
0.704242 -1
-1.61135 1
-1 1
0.130346 -1
-0.195324 1
-1.8819 1
-0.62307 1
-0.605671 1
0.395692 -1
-0.0849432 1
-0.567132 1
0.057221 -1
-0.722986 1
-0.79285 1
-0.270422 1
-0.992759 1
-2.02181 1
-1.04596 1
-0.419788 1
-1.82525 1
-2.3206 1
-0.360438 1
-1.13266 1
-1.37928 1
-0.554412 1
-0.778008 1
-1.51567 1
-0.469387 1
-0.523705 1
-0.866465 1
-0.554646 1
-0.22969 1
-0.0195028 1
-0.298702 1
-1.24944 1
-0.766956 1
-1.06033 1
-0.835266 1
-0.975146 1
0.0632869 -1
-1.18197 1
-1.71053 1
-1.10221 1
-1.42317 1
-0.863611 1
-1.3663 1
-0.361632 1
-0.30201 1
-1.78607 1
-0.82323 1
-0.819642 1
-0.701637 1
-0.370051 1
-0.995248 1
-0.911093 1
-1.0266 1
-0.196615 1
-1.73559 1
-1.38007 1
-2.03173 1
-0.947941 1
-0.822252 1
-1.08307 1
-1.88158 1
-1 1
-0.50161 1
-0.864822 1
-2.15941 1
-1.70128 1
-0.919691 1
-1.0545 1
-1.05292 1
0.0385354 -1
-0.012802 1
-1.20932 1
-1.14964 1
-1.50345 1
-1.00984 1
-0.907534 1
-0.564414 1
-0.835 1
-0.704981 1
-1.40234 1
-1.3277 1
-1.53616 1
-0.787266 1
-0.962824 1
-1.32184 1
-1.26833 1
-0.863972 1
-0.848135 1
-0.411761 1
0.567503 -1
0.62736 -1
-1.07973 1
-0.934639 1
-0.868592 1
-2.39279 1
0.372927 -1
-0.0411369 1
-0.999997 1
-0.604184 1
-0.867661 1
-0.801061 1
-0.097326 1
0.494976 -1
-1 1
-0.330938 1
-0.106307 1
-0.441811 1
0.458669 -1
0.0929516 -1
-1 1
-0.422097 1
-0.616481 1
-0.41349 1
-1.02501 1
-0.284791 1
-1.27217 1
-0.522391 1
-1 1
-0.604937 1
-0.606319 1
-1 1
-0.86047 1
-0.173947 1
-0.857211 1
0.0170484 -1
-0.999998 1
-0.257401 1
-1.06651 1
-2.11687 1
-0.999999 1
-1.81646 1
-1 1
-1.80285 1
-1.79514 1
-1.41258 1
-1.60471 1
-1.72041 1
-0.625532 1
-2.14649 1
-1.50862 1
-0.573557 1
-0.796921 1
-1.21185 1
0.0604061 -1
-0.803889 1
-0.660367 1
0.537893 -1
-1.10635 1
-0.975919 1
-0.126358 1
-1 1
-0.261334 1
0.0547748 -1
-0.299211 1
-0.515729 1
-1.04786 1
-0.458789 1
-0.292138 1
-1.669 1
-1.49656 1
-1.83166 1
-1.31133 1
-1 1
-1.44165 1
-1.79948 1
-0.860025 1
-1.86584 1
-0.485367 1
-1.52398 1
-1.63306 1
-0.48157 1
-0.800942 1
-1 1
-1 1
-1.30841 1
-0.028953 1
-1.17814 1
-0.218902 1
-0.636078 1
-1.09216 1
-0.0242285 1
-1.27683 1
-0.92517 1
-2.1048 1
-1.36717 1
-0.782387 1
-0.870233 1
-0.638415 1
-0.914833 1
0.0866688 -1
-1.22889 1
-1.16255 1
-1.33519 1
-0.820261 1
-0.925227 1
-0.941004 1
-0.470471 1
-0.946351 1
-1.66779 1
-1.14876 1
-1.56912 1
-1.64501 1
-2.29958 1
-1.50359 1
-1.40934 1
-0.603885 1
-2.93487 1
-0.37004 1
-1 1
-1.53385 1
-1.46411 1
-1.53389 1
-1.49626 1
-1.10879 1
-1.21065 1
-1.29387 1
-1.12714 1
-0.605042 1
-1.11074 1
-1.36834 1
-0.518061 1
-0.409788 1
-0.942593 1
-0.471199 1
-2.04753 1
-0.554173 1
-0.500261 1
-0.476344 1
-1.19647 1
-2.16883 1
-1.64818 1
-1.46253 1
-0.935841 1
-1.36108 1
-1.06847 1
-1.15014 1
-1.08928 1
-1.77231 1
0.00961956 -1
-0.610123 1
-1.19566 1
-1.40001 1
-0.639165 1
-0.84738 1
-1.05841 1
-0.579449 1
-1.13636 1
-0.146029 1
-1.45092 1
-0.656419 1
-0.95741 1
-0.287436 1
-0.833287 1
-0.803358 1
-1.18784 1
-0.364007 1
-1.24443 1
-1.03275 1
-0.929345 1
-1.35196 1
0.177745 -1
1.17551 -1
1.82529 -1
1.65085 -1
1.61935 -1
2.28168 -1
1.58583 -1
2.34862 -1
2.18007 -1
1.70874 -1
1.48229 -1
1.40425 -1
1.86051 -1
0.549602 -1
1.05417 -1
0.360535 -1
1.88868 -1
1.11697 -1
0.720989 -1
1.37661 -1
0.363191 -1
1.74141 -1
1.99232 -1
1.40199 -1
1.60268 -1
0.940489 -1
0.669039 -1
0.955589 -1
1.45727 -1
1.06181 -1
1.32933 -1
2.69188 -1
1.40961 -1
1.66118 -1
1.75373 -1
1.60568 -1
1.78632 -1
2.29584 -1
2.27627 -1
1.96451 -1
1.65973 -1
2.04189 -1
1.67501 -1
2.14722 -1
1.65972 -1
1.56788 -1
2.32187 -1
1.79066 -1
2.44723 -1
1.32865 -1
2.01158 -1
1.33568 -1
2.76339 -1
2.19471 -1
1.66218 -1
2.21202 -1
1.7067 -1
1.49816 -1
1.37727 -1
2.00411 -1
1.75215 -1
1.45983 -1
1.55258 -1
2.24524 -1
1 -1
1.85739 -1
1.06257 -1
1.3269 -1
1.7628 -1
1.6595 -1
2.50069 -1
1.17244 -1
1.13862 -1
0.88394 -1
0.00942144 -1
2.0203 -1
1.06119 -1
1.0706 -1
2.01155 -1
1.70632 -1
2.74019 -1
1.83507 -1
2.03316 -1
1.71298 -1
0.392022 -1
1.45845 -1
1 -1
1.95128 -1
1.45809 -1
1.57342 -1
0.978469 -1
2.01458 -1
1.83629 -1
1.71516 -1
1.76536 -1
1.58966 -1
1.95602 -1
1.69672 -1
2.05097 -1
2.12 -1
2.0723 -1
1.66268 -1
1.77728 -1
0.539538 -1
1.53292 -1
1.66085 -1
1.57313 -1
2.10636 -1
1.12021 -1
2.12222 -1
1.67307 -1
0.75137 -1
2.16871 -1
1.61979 -1
1.5925 -1
2.48585 -1
2.20034 -1
1.41465 -1
0.766007 -1
2.26181 -1
1.52388 -1
2.25496 -1
1.53199 -1
1.27409 -1
1.05133 -1
1.2796 -1
2.15458 -1
1.7887 -1
2.49791 -1
1.61467 -1
2.42459 -1
1.71248 -1
1.42132 -1
1.2975 -1
1.51692 -1
1.99485 -1
1 -1
1.48502 -1
1.14825 -1
1.73195 -1
1.98078 -1
1.90343 -1
1.25742 -1
1.78497 -1
1.68981 -1
1.31107 -1
1.53344 -1
2.28828 -1
2.04591 -1
1.44411 -1
1.44262 -1
1.54316 -1
1.82711 -1
2.57732 -1
1.47483 -1
1.32127 -1
2.13965 -1
1.85937 -1
1.72397 -1
1.39297 -1
1.76087 -1
1.30255 -1
2.44536 -1
1.11107 -1
2.1219 -1
1.95459 -1
2.76343 -1
2.81687 -1
1.35507 -1
2.13315 -1
2.21444 -1
2.10272 -1
2.33168 -1
1.22433 -1
2.03836 -1
1.10916 -1
0.917309 -1
1.74236 -1
0.779065 -1
1 -1
2.16522 -1
1.18254 -1
1.05929 -1
1.28198 -1
1.80542 -1
1.22408 -1
1.20778 -1
1.91163 -1
1.36995 -1
2.54516 -1
2.11561 -1
0.0214806 -1
2.38868 -1
1.67084 -1
2.08107 -1
2.11986 -1
1.97348 -1
1.58801 -1
1.84309 -1
0.755026 -1
1.69888 -1
1.88248 -1
1.30371 -1
0.475853 -1
1.99837 -1
1.74967 -1
0.50775 -1
2.53034 -1
1.89068 -1
1.07075 -1
1 -1
2.22703 -1
1.41024 -1
1.64245 -1
2.086 -1
1.51796 -1
1.38939 -1
2.06725 -1
0.999999 -1
1.56672 -1
1.21835 -1
2.53851 -1
2.28397 -1
0.999998 -1
2.68829 -1
3.06815 -1
0.786733 -1
1.17594 -1
2.43696 -1
2.59355 -1
1.91712 -1
1.91614 -1
1.55542 -1
1.16264 -1
1.1241 -1
1.57114 -1
1.11523 -1
1.775 -1
1.43789 -1
0.972705 -1
1.46221 -1
2.00369 -1
2.21368 -1
1.53073 -1
1.46114 -1
1.6151 -1
2.55816 -1
2.39339 -1
2.185 -1
1.14253 -1
2.54801 -1
1.49772 -1
2.66989 -1
0.83621 -1
1.68647 -1
1.48192 -1
1.40737 -1
1.7184 -1
1.45664 -1
2.6211 -1
1.26456 -1
2.15761 -1
1.32543 -1
1.55155 -1
2.38501 -1
1.30868 -1
2.03185 -1
1.12247 -1
2.19709 -1
1.67665 -1
1.98218 -1
2.12776 -1
1.92046 -1
1.82465 -1
2.16987 -1
1.03886 -1
2.09859 -1
2.03942 -1
2.24186 -1
2.30649 -1
2.55384 -1
1.9292 -1
1.81384 -1
1.81995 -1
1.85892 -1
1.81375 -1
1.67666 -1
1.67179 -1
1.32786 -1
1.62603 -1
2.65911 -1
2.06301 -1
1.31056 -1
1.8 -1
3.01544 -1
1.48617 -1
1.93005 -1
2.77137 -1
2.10328 -1
1.02404 -1
1.21294 -1
1.2159 -1
1.24634 -1
1.6426 -1
1.66865 -1
2.11373 -1
1.57753 -1
1.05021 -1
2.01294 -1
1.63892 -1
1.55749 -1
1.26104 -1
2.03559 -1
1.36413 -1
2.11794 -1
1.88379 -1
2.09328 -1
1.35298 -1
1.57844 -1
1.43695 -1
2.07252 -1
2.94695 -1
1.74936 -1
1.72501 -1
2.37432 -1
2.32515 -1
0.921236 -1
0.900578 -1
0.999999 -1
1.32846 -1
2.01656 -1
1.65928 -1
1.39689 -1
1.6902 -1
1.71847 -1
1.7966 -1
1.40973 -1
1.58398 -1
2.31559 -1
1.0082 -1
1.83499 -1
1.46627 -1
1.6571 -1
1.72197 -1
1.53971 -1
2.51991 -1
2.19741 -1
2.99326 -1
1.0594 -1
2.46946 -1
2.29314 -1
1.19183 -1
2.5563 -1
1.17077 -1
2.1841 -1
1.58301 -1
1.70538 -1
1.82492 -1
1.94263 -1
2.02042 -1
1.89469 -1
0.589744 -1
0.423363 -1
1.04441 -1
1.36137 -1
1.43972 -1
1.17464 -1
1.37864 -1
2.56885 -1
1.17132 -1
0.948038 -1
2.36911 -1
1.70759 -1
2.26381 -1
0.671945 -1
1.69695 -1
0.96982 -1
0.36576 -1
2.08463 -1
2.10081 -1
2.79878 -1
1.76216 -1
1.4106 -1
1.18044 -1
3.54076 -1
2.68269 -1
1.352 -1
2.59658 -1
2.0698 -1
1.45107 -1
1.61919 -1
1.31754 -1
2.44322 -1
1.51491 -1
1.36293 -1
0.952028 -1
2.34059 -1
1.47948 -1
1.54865 -1
1.9979 -1
2.43321 -1
2.02436 -1
0.846066 -1
1.32013 -1
1.43506 -1
0.843378 -1
0.999999 -1
1 -1
1.69874 -1
1.49727 -1
1.6711 -1
0.362941 -1
1.11179 -1
2.21623 -1
1.88679 -1
1.76614 -1
1.89262 -1
1 -1
2.29005 -1
2.122 -1
1.66268 -1
0.809152 -1
0.999998 -1
1.54082 -1
2.736 -1
2.30024 -1
2.26817 -1
1.67459 -1
2.07014 -1
2.4096 -1
1.69172 -1
2.27693 -1
1.55243 -1
1.7908 -1
1.9209 -1
1.80019 -1
2.63412 -1
2.24144 -1
1.29475 -1
1.57578 -1
1.26733 -1
1.94037 -1
1.81194 -1
1.39613 -1
1.49144 -1
1.63089 -1
1.2297 -1
1.30872 -1
0.844361 -1
1.96847 -1
1.58078 -1
1.67263 -1
1.83807 -1
1.15729 -1
0.999998 -1
2.38493 -1
1.01119 -1
1.59841 -1
2.71351 -1
2.17263 -1
1.66372 -1
1.97136 -1
2.92822 -1
1.59495 -1
1.32873 -1
1.89843 -1
1.69343 -1
2.35986 -1
0.999998 -1
2.5327 -1
2.3303 -1
2.37784 -1
1.55043 -1
1.87297 -1
2.45066 -1
1.13591 -1
2.33478 -1
1.76917 -1
2.20423 -1
1.47546 -1
2.38666 -1
0.999998 -1
2.02065 -1
1.63947 -1
2.5546 -1
0.96297 -1
1.06644 -1
2.22651 -1
1.99298 -1
2.6766 -1
3.03513 -1
2.1928 -1
1.24343 -1
1.50972 -1
1.97236 -1
1.28629 -1
1.11441 -1
1.384 -1
1.66928 -1
0.786186 -1
1.08852 -1
1.51046 -1
1.4689 -1
0.693569 -1
1.67779 -1
2.5274 -1
2.62826 -1
1.62781 -1
2.41497 -1
1.25185 -1
1.24409 -1
1.25431 -1
1.29261 -1
1.33625 -1
2.33937 -1
1.76796 -1
2.21627 -1
2.55501 -1
1.11104 -1
1.55281 -1
1.08688 -1
1.1231 -1
1.76076 -1
1.79809 -1
1.17697 -1
2.01259 -1
1.1946 -1
1.60075 -1
1.75445 -1
1.4239 -1
1.92645 -1
1.30145 -1
1.55159 -1
1.6276 -1
2.15449 -1
1.26504 -1
0.941111 -1
1.36305 -1
1.77187 -1
1.00331 -1
1.0033 -1
1.6009 -1
1.92702 -1
1.26503 -1
0.945821 -1
1.47022 -1
2.05557 -1
0.891364 -1
1.43765 -1
1.685 -1
2.06473 -1
0.758611 -1
1.15443 -1
1 -1
2.45804 -1
2.131 -1
1.71997 -1
0.778499 -1
1.60089 -1
1.20248 -1
1.48425 -1
1.3859 -1
1.72369 -1
2.03666 -1
2.15887 -1
2.34871 -1
1.98775 -1
2.67203 -1
1.28316 -1
1.77334 -1
2.11883 -1
1.89873 -1
1.37892 -1
2.36536 -1
2.59969 -1
1.51343 -1
1.57299 -1
1.48539 -1
2.01905 -1
2.29881 -1
1.0317 -1
1.08372 -1
0.908692 -1
1.75235 -1
1.98123 -1
1.92339 -1
2.38706 -1
2.08315 -1
1.60612 -1
1.69986 -1
1.27326 -1
2.15162 -1
1.38346 -1
1.03793 -1
1.05347 -1
1.33056 -1
1.47953 -1
1.90035 -1
2.16502 -1
1.2103 -1
1.68334 -1
1.44283 -1
1.59475 -1
2.40401 -1
1.61357 -1
1.05315 -1
1.40789 -1
1.46476 -1
1.23284 -1
1.34725 -1
1.90818 -1
1.26098 -1
1.59965 -1
1.59535 -1
1.54415 -1
1.23064 -1
1.54219 -1
1 -1
1.70261 -1
1.64227 -1
1.47867 -1
2.25312 -1
1.49333 -1
1.73773 -1
2.20671 -1
1.15731 -1
1.89157 -1
2.66662 -1
1.92756 -1
1.82357 -1
1.90244 -1
2.14934 -1
1.94131 -1
2.13877 -1
2.06113 -1
1.51686 -1
1.62061 -1
1.78461 -1
2.77031 -1
2.03505 -1
2.01021 -1
1.77593 -1
1.40602 -1
1.4647 -1
2.16917 -1
1.2765 -1
1.74043 -1
0.844348 -1
2.30214 -1
0.999998 -1
1.71001 -1
1.44869 -1
1.63089 -1
1.07117 -1
2.59519 -1
1.22972 -1
1.63606 -1
1.91422 -1
2.1663 -1
1.95362 -1
2.05764 -1
1.05571 -1
1.19333 -1
1.48973 -1
0.661047 -1
1.40949 -1
1.16588 -1
1.90474 -1
2.60726 -1
3.0632 -1
2.11576 -1
1.75068 -1
1.9275 -1
1.95866 -1
1.53106 -1
1.5111 -1
1.62426 -1
1.29439 -1
1.15387 -1
0.938994 -1
1.10809 -1
2.71824 -1
1.36305 -1
1.2106 -1
2.72242 -1
1.27664 -1
1.5608 -1
2.40444 -1
1.71553 -1
2.03316 -1
2.72756 -1
1.12161 -1
1.89743 -1
2.33141 -1
2.37582 -1
2.34527 -1
1.06246 -1
1.87601 -1
1.44978 -1
1.22452 -1
1.62221 -1
1.99571 -1
1.91042 -1
2.13042 -1
2.64723 -1
1.59247 -1
1.56542 -1
1.22231 -1
1.27329 -1
0.754631 -1
2.27305 -1
1.33954 -1
2.51155 -1
1.38823 -1
1.87009 -1
2.12322 -1
0.686519 -1
1.71693 -1
1.84442 -1
2.46553 -1
2.20449 -1
1.20037 -1
1.26536 -1
1.62708 -1
1.399 -1
1.92467 -1
2.32736 -1
2.04242 -1
2.17403 -1
1.43588 -1
1.46305 -1
0.985205 -1
0.802166 -1
1.78657 -1
1 -1
2.66058 -1
1.11315 -1
1.36614 -1
1.44352 -1
1.39761 -1
1.3416 -1
1.2314 -1
1.69271 -1
1.75323 -1
1.23617 -1
2.07592 -1
1.1741 -1
1.1406 -1
1 -1
2.38264 -1
2.37164 -1
0.911694 -1
0.999998 -1
1.83023 -1
1.14158 -1
1.40151 -1
1.99387 -1
1.47146 -1
0.999998 -1
2.83143 -1
1.79931 -1
2.14911 -1
2.40833 -1
1.50564 -1
1.04655 -1
2.00269 -1
1.4035 -1
1.77308 -1
1.93618 -1
1.39928 -1
1.26086 -1
1.66169 -1
1.49514 -1
1.48914 -1
2.24341 -1
2.5764 -1
1.60994 -1
2.65252 -1
3.29913 -1
2.24213 -1
1.24228 -1
1.22831 -1
2.61898 -1
0.941942 -1
2.88936 -1
2.24286 -1
1.96832 -1
1.69558 -1
0.348903 -1
2.27462 -1
1.16376 -1
2.41367 -1
1.51845 -1
2.45191 -1
1.8429 -1
3.92558 -1
1.87585 -1
1.38121 -1
1 -1
1 -1
0.944121 -1
0.754415 -1
1.88496 -1
1.98761 -1
1.9911 -1
2.07127 -1
2.02404 -1
2.15575 -1
1.17761 -1
2.45499 -1
1.42181 -1
2.10516 -1
1.76894 -1
1.9113 -1
1.55959 -1
1.42558 -1
2.01607 -1
1.59001 -1
1.84634 -1
2.20338 -1
2.01384 -1
1.69733 -1
1.33569 -1
1.51904 -1
1 -1
1.67868 -1
1.61334 -1
1.43423 -1
1.67848 -1
1.21118 -1
2.24391 -1
1.80821 -1
1.63552 -1
1.55128 -1
1.80976 -1
1.76339 -1
1.47968 -1
1.68745 -1
2.81791 -1
1.64006 -1
0.72527 -1
1.38867 -1
1.79161 -1
-0.142359 1
2.70494 -1
1.57177 -1
1.39035 -1
1.80687 -1
1.5685 -1
0.779257 -1
2.34069 -1
1.35186 -1
2.18794 -1
2.42924 -1
2.12684 -1
1.35692 -1
1.03666 -1
1.18083 -1
1.53066 -1
1.93289 -1
2.04143 -1
2.85079 -1
1.38186 -1
2.65544 -1
1.75875 -1
0.999099 -1
2.05617 -1
1.84394 -1
1.02991 -1
1.15854 -1
1.18426 -1
1.68087 -1
2.62356 -1
1.63017 -1
2.21883 -1
2.82339 -1
2.62721 -1
1.026 -1
0.816623 -1
2.56078 -1
2.00834 -1
1.42484 -1
1.34873 -1
1.63147 -1
1.72502 -1
1.92482 -1
1.60533 -1
2.06681 -1
0.898012 -1
2.42255 -1
2.10245 -1
2.51221 -1
0.948423 -1
1.78142 -1
1.82821 -1
1.47524 -1
1.58213 -1
1.26825 -1
2.30512 -1
1.50914 -1
1.23429 -1
2.17885 -1
2.98494 -1
0.696554 -1
2.60691 -1
1.67082 -1
2.67143 -1
2.02609 -1
1.45418 -1
1.74019 -1
2.72581 -1
1.28888 -1
1.95795 -1
2.04662 -1
1.20643 -1
1.93047 -1
1.85279 -1
1.89908 -1
1.21523 -1
1.91369 -1
1.50182 -1
2.31672 -1
2.13425 -1
1.25669 -1
1.14374 -1
2.53124 -1
1.86091 -1
1.8897 -1
1.68693 -1
2.49586 -1
2.44856 -1
1.41093 -1
1.98127 -1
1.45891 -1
1.57853 -1
1.47877 -1
1.43902 -1
1.44889 -1
1.75195 -1
2.13869 -1
1.40242 -1
1.4663 -1
2.3862 -1
1.30718 -1
1.40921 -1
1.56861 -1
1.95879 -1
1.38267 -1
1.74712 -1
1.95466 -1
2.47002 -1
2.4282 -1
1.33746 -1
1.50148 -1
1.33177 -1
1.6577 -1
0.516254 -1
1.7718 -1
2.64134 -1
1.79441 -1
3.10991 -1
1.33341 -1
2.0374 -1
2.40529 -1
1.26847 -1
1.85885 -1
1.34041 -1
1.6929 -1
1.32604 -1
0.958898 -1
0.884683 -1
1.40522 -1
1.33864 -1
1.4447 -1
2.22555 -1
2.95536 -1
0.992898 -1
2.36464 -1
2.73999 -1
1.30576 -1
1.54071 -1
1.84236 -1
1.80676 -1
1.3396 -1
1.64119 -1
1.16564 -1
1.70425 -1
2.0153 -1
1.38244 -1
1.50911 -1
1.60016 -1
2.45121 -1
1.15674 -1
1.09797 -1
1.67406 -1
1.77306 -1
1.44751 -1
1.89479 -1
1.49516 -1
1.6137 -1
1.65199 -1
1.41203 -1
1.68478 -1
1.41893 -1
1.65693 -1
1.5591 -1
1.40658 -1
1.49655 -1
1.41541 -1
1.70052 -1
1.25687 -1
1.46673 -1
1.52103 -1
0.999999 -1
1.75377 -1
1.24062 -1
0.999997 -1
1.56755 -1
1 -1
1.34765 -1
1.35904 -1
1.78022 -1
1.19961 -1
1.50802 -1
1.56108 -1
1.81864 -1
1.16961 -1
1.11527 -1
1.12995 -1
1.55113 -1
1.50146 -1
1.30923 -1
1.70279 -1
1.52906 -1
1.54267 -1
1.24945 -1
1.63892 -1
1.64804 -1
1.78234 -1
1.48076 -1
1.44624 -1
1.36518 -1
1.78432 -1
1.87825 -1
2.1511 -1
2.40843 -1
2.21224 -1
1.42406 -1
1.63887 -1
1.33016 -1
1.36874 -1
1.0353 -1
1.68792 -1
1.55705 -1
1.93867 -1
2.56742 -1
1.58645 -1
0.803129 -1
1.81631 -1
1.87056 -1
1.43846 -1
1.64561 -1
1.30806 -1
1.19148 -1
1.33979 -1
1.57667 -1
1.09717 -1
1.78797 -1
0.922345 -1
1.58523 -1
2.68998 -1
1.23844 -1
2.12117 -1
1.3098 -1
1.25616 -1
1.60965 -1
1.24939 -1
0.999999 -1
1.6 -1
1.71052 -1
2.47387 -1
1.85048 -1
1.41011 -1
1.77518 -1
1.38451 -1
2.72422 -1
1.22943 -1
2.06068 -1
1.42509 -1
1.40203 -1
1.22932 -1
1 -1
1.0081 -1
1.21536 -1
1.97696 -1
2.61902 -1
1.29781 -1
1.28087 -1
1.79041 -1
2.48483 -1
1.39563 -1
1.48087 -1
1.85836 -1
1.84011 -1
2.20931 -1
1.41514 -1
2.69287 -1
2.05043 -1
1.79138 -1
2.35676 -1
2.7114 -1
1.44352 -1
2.30463 -1
1.97238 -1
2.01289 -1
1.96462 -1
2.00851 -1
1.50463 -1
1.34885 -1
1.37024 -1
2.19283 -1
1.74518 -1
1.5258 -1
1.85622 -1
1.71299 -1
1.45657 -1
1.73133 -1
1.70957 -1
1.19756 -1
1.47556 -1
2.17684 -1
2.25733 -1
0.999999 -1
1.85479 -1
2.03779 -1
1.14612 -1
2.45565 -1
1.93824 -1
2.2719 -1
1.17071 -1
2.10933 -1
2.55566 -1
1.05819 -1
1.24954 -1
1.92878 -1
1.51256 -1
1.67269 -1
1.45097 -1
1.9349 -1
1.6723 -1
1.10079 -1
2.87114 -1
1.45869 -1
2.01271 -1
2.75776 -1
2.02819 -1
1.2176 -1
1.58753 -1
0.999998 -1
1.9051 -1
0.475219 -1
1.3193 -1
1.9307 -1
1.4264 -1
0.986745 -1
1.81616 -1
1.59101 -1
1.43702 -1
1.56593 -1
1.34974 -1
1.69025 -1
1.18426 -1
1.7171 -1
2.21005 -1
1.9275 -1
0.90344 -1
1.8293 -1
1.28239 -1
1.64656 -1
1.26926 -1
2.55224 -1
1.4041 -1
1.23235 -1
1 -1
1.89222 -1
2.33424 -1
1.40783 -1
1.77743 -1
1.49518 -1
2.01801 -1
1.54056 -1
1.29147 -1
2.68139 -1
0.186478 -1
1.30367 -1
1.1989 -1
1.369 -1
1.17484 -1
1.24677 -1
2.34543 -1
2.66221 -1
2.51922 -1
1.63401 -1
2.02841 -1
2.38519 -1
2.03462 -1
2.39116 -1
1.68269 -1
2.45267 -1
2.90898 -1
1.99078 -1
2.09598 -1
1.97651 -1
2.49358 -1
1.68115 -1
1.75262 -1
2.27941 -1
1.84009 -1
1.75254 -1
1.72817 -1
1.58494 -1
0.681908 -1
1.35002 -1
1.34806 -1
1.95347 -1
0.628555 -1
1.25792 -1
2.19123 -1
2.09312 -1
2.5161 -1
1.7999 -1
1.32899 -1
1.6394 -1
0.999999 -1
1.0642 -1
1.75091 -1
1.01256 -1
2.56827 -1
1.58371 -1
1.87373 -1
1.04224 -1
2.61375 -1
1.28649 -1
1.04707 -1
1.73358 -1
1.19203 -1
1.08167 -1
1.28922 -1
1.5054 -1
0.60687 -1
1.62516 -1
0.964183 -1
1.43428 -1
1.34616 -1
1.49934 -1
0.93726 -1
1.57583 -1
1.39416 -1
1.35697 -1
1.55006 -1
1.84333 -1
1.13868 -1
2.17244 -1
2.59369 -1
1.12136 -1
2.21161 -1
2.25337 -1
1.92999 -1
2.16284 -1
1.3917 -1
1.72388 -1
2.07413 -1
1.85791 -1
1.89513 -1
1.05651 -1
1.71951 -1
2.62134 -1
2.21583 -1
2.01197 -1
1.39402 -1
1.55597 -1
1.94924 -1
1.9392 -1
1.83074 -1
1.71157 -1
1.29477 -1
1.36648 -1
1.75611 -1
1.7288 -1
2.21204 -1
1.76156 -1
2.03216 -1
1.48224 -1
2.62006 -1
1.42928 -1
2.33286 -1
1.94275 -1
1.41347 -1
0.990453 -1
2.07836 -1
2.61677 -1
2.73593 -1
1.27713 -1
1.32801 -1
1.26617 -1
1.5178 -1
1.67838 -1
1.75568 -1
1.73737 -1
1.19746 -1
1.80496 -1
1.89946 -1
2.1353 -1
1.70043 -1
1.97172 -1
1.64416 -1
1 -1
1.65387 -1
1.56045 -1
1.07498 -1
1.85641 -1
1.72826 -1
2.97729 -1
2.62707 -1
1.72533 -1
1.4474 -1
1.63222 -1
1.85291 -1
1.33897 -1
1.8596 -1
1.99678 -1
0.918217 -1
1.6073 -1
1.06573 -1
2.24829 -1
0.95092 -1
1.3907 -1
2.11188 -1
1.86095 -1
1.98483 -1
1.19087 -1
1.52345 -1
2.27802 -1
1.05677 -1
2.18103 -1
0.987978 -1
1.13587 -1
1.73378 -1
0.999999 -1
1.28571 -1
1.55902 -1
1.63769 -1
1.60332 -1
2.03918 -1
1.40402 -1
1.8739 -1
1.20717 -1
1.66767 -1
1.39665 -1
1.47718 -1
0.952597 -1
1.44934 -1
0.544078 -1
1.70949 -1
0.872936 -1
2.23537 -1
2.22369 -1
2.24141 -1
2.23106 -1
1.50857 -1
0.526219 -1
1.72438 -1
1.51641 -1
3.38746 -1
2.8654 -1
1.55074 -1
1.1211 -1
1.23595 -1
1.70163 -1
1.44427 -1
1.21581 -1
1.0297 -1
1.4579 -1
2.08786 -1
1.59636 -1
1.58195 -1
1.64886 -1
0.999997 -1
2.24408 -1
1.59441 -1
0.710658 -1
1.33826 -1
1.97274 -1
1.17268 -1
1.34918 -1
1.47161 -1
1.71696 -1
1.1351 -1
2.09246 -1
1.0297 -1
0.144886 -1
1.47229 -1
1.46334 -1
1.47672 -1
1.73103 -1
1.62947 -1
1.6609 -1
1.91625 -1
1.13977 -1
1.61536 -1
1.86378 -1
1.03493 -1
2.0711 -1
1.34521 -1
1.29614 -1
0.996172 -1
2.04116 -1
1.70757 -1
1.72728 -1
1.99548 -1
1.52357 -1
0.999999 -1
1.13433 -1
1.50407 -1
0.957662 -1
1.29383 -1
2.29367 -1
1.52205 -1
1.26303 -1
1.16998 -1
1.6271 -1
0.673739 -1
2.46943 -1
1.66569 -1
1.41017 -1
1.56624 -1
1.64475 -1
1.08845 -1
1.75292 -1
1.89025 -1
1.99638 -1
1.45905 -1
1.79538 -1
1.46762 -1
1.45722 -1
1.70239 -1
1.97587 -1
1.02201 -1
0.865272 -1
1.21391 -1
0.663686 -1
1.67247 -1
1.43319 -1
1.55871 -1
1.24436 -1
1.41793 -1
1.42789 -1
1.49852 -1
1.5846 -1
1.58372 -1
1.76047 -1
1.28289 -1
2.28184 -1
1.55544 -1
1.18407 -1
1.64331 -1
1.78445 -1
1.73026 -1
1.45357 -1
1.82643 -1
2.18314 -1
2.34501 -1
2.38302 -1
1.37243 -1
1.78905 -1
1.4143 -1
1.37766 -1
3.04088 -1
1.3752 -1
2.15595 -1
1.10261 -1
1.34956 -1
1.60818 -1
1.72743 -1
1.17845 -1
1.41344 -1
1.43546 -1
1.55032 -1
1.47346 -1
1.62375 -1
1.35702 -1
2.64195 -1
1.26654 -1
2.96365 -1
1.57189 -1
1.04866 -1
2.36094 -1
2.51793 -1
3.13903 -1
2.60747 -1
2.32401 -1
1.1375 -1
1.87027 -1
1.55503 -1
1.92323 -1
1.14766 -1
1.58653 -1
1.56907 -1
1.6027 -1
1.53272 -1
2.11465 -1
1.33528 -1
1.38472 -1
2.0532 -1
1.38436 -1
2.03336 -1
1.39583 -1
1.32045 -1
1.16876 -1
1.93099 -1
1.28582 -1
1.82162 -1
1.21889 -1
1.39952 -1
1.44334 -1
2.09075 -1
1.58154 -1
0.999999 -1
1.79733 -1
1.23933 -1
1.41168 -1
2.75372 -1
2.27367 -1
2.5686 -1
2.7116 -1
1.25114 -1
1.46089 -1
2.39684 -1
2.714 -1
0.999999 -1
1.46299 -1
1.03946 -1
0.878761 -1
1.56242 -1
1.62084 -1
0.976752 -1
2.09819 -1
1.58804 -1
2.12342 -1
1.25036 -1
1.6867 -1
1.21377 -1
1.75179 -1
2.01014 -1
1.04279 -1
1.1945 -1
1.82389 -1
1.76382 -1
0.880062 -1
1.05483 -1
1.5963 -1
1.038 -1
1.68314 -1
1.55782 -1
1.50826 -1
1.18524 -1
0.231151 -1
1.75248 -1
1.82777 -1
1.2872 -1
1.47035 -1
0.954964 -1
0.999998 -1
1.05807 -1
1.75447 -1
1.34338 -1
1.43817 -1
1.64834 -1
1.38596 -1
1.92707 -1
1.53485 -1
1.47643 -1
1.51517 -1
1.56621 -1
2.1727 -1
1.76182 -1
1.63911 -1
1.34556 -1
1.74445 -1
1.73457 -1
0.782188 -1
1.86545 -1
2.41129 -1
1.18231 -1
1.41124 -1
1.50333 -1
1.32226 -1
1.52313 -1
1.19527 -1
2.13893 -1
2.03862 -1
1.8554 -1
1.40384 -1
1.28076 -1
1.58059 -1
1.37199 -1
1.55953 -1
1.07234 -1
2.05227 -1
1.82924 -1
1.03711 -1
1.31578 -1
1.28305 -1
1.3922 -1
1.1422 -1
1.67023 -1
1.32939 -1
2.42118 -1
1.69212 -1
1.50381 -1
1.08682 -1
2.35137 -1
1.13628 -1
1.04608 -1
2.15365 -1
1.44057 -1
1 -1
1.52486 -1
1.27741 -1
1.53716 -1
3.04785 -1
1.61278 -1
2.01609 -1
1.50811 -1
1.99388 -1
2.50789 -1
1.67876 -1
1.2256 -1
1.14907 -1
2.23342 -1
1.51763 -1
2.42937 -1
2.82216 -1
1.77838 -1
1.61269 -1
1.8581 -1
2.7865 -1
1.79662 -1
3.02842 -1
0.764403 -1
1.02896 -1
1.31736 -1
1.52256 -1
1.59748 -1
1.79696 -1
2.22367 -1
1.50994 -1
2.52764 -1
2.49543 -1
2.3903 -1
1.6501 -1
2.15171 -1
1.63835 -1
1.9993 -1
1.44413 -1
2.37333 -1
1.76596 -1
2.10109 -1
2.38522 -1
1.92666 -1
1.72715 -1
2.58744 -1
2.23044 -1
1.82456 -1
1.96346 -1
0.999999 -1
1.89497 -1
1.61597 -1
1.58315 -1
2.3777 -1
2.13015 -1
2.52344 -1
1.33817 -1
2.24147 -1
1.99649 -1
2.07501 -1
1.20313 -1
2.36713 -1
1.67513 -1
1.93002 -1
1.60839 -1
1.92558 -1
2.23924 -1
1.60313 -1
1.39597 -1
2.50555 -1
1.94681 -1
1.4161 -1
2.30845 -1
1.76046 -1
1.33826 -1
1.89643 -1
1.89605 -1
1.94122 -1
2.18551 -1
2.25557 -1
2.00727 -1
2.59525 -1
1.94196 -1
1.43699 -1
1.82299 -1
2.34366 -1
1.67942 -1
2.12262 -1
2.07784 -1
2.31952 -1
1.70463 -1
1.28788 -1
1.8756 -1
2.45265 -1
2.01711 -1
1.35064 -1
1.28886 -1
1.80017 -1
0.982441 -1
1.06128 -1
1.51588 -1
1.08846 -1
1.80165 -1
1.7268 -1
1.34275 -1
2.04546 -1
2.77011 -1
1 -1
2.60541 -1
1.60568 -1
1.95927 -1
1.69495 -1
1.3402 -1
1.74231 -1
1.88032 -1
1.82632 -1
1.36468 -1
1.37577 -1
1.60742 -1
1.76435 -1
1.03744 -1
1.32364 -1
1.38237 -1
1.78864 -1
2.02023 -1
1.5104 -1
2.39627 -1
1.75971 -1
1.46501 -1
1.35447 -1
2.23567 -1
1.54414 -1
1.33056 -1
1.7057 -1
1 -1
1.61911 -1
0.882475 -1
0.834286 -1
1.28564 -1
0.838405 -1
1.12528 -1
1.4874 -1
2.79024 -1
1.73574 -1
1.92039 -1
1 -1
2.08723 -1
1.88446 -1
1.45854 -1
1.10408 -1
1 -1
0.915283 -1
2.30207 -1
1.47436 -1
1.45426 -1
1.20646 -1
1.8725 -1
1.94209 -1
0.912896 -1
2.03477 -1
2.0217 -1
2.10662 -1
1.6455 -1
1.3186 -1
1.90477 -1
1.04769 -1
1.44971 -1
1.61335 -1
2.23379 -1
0.97133 -1
2.41477 -1
1.08979 -1
1.88649 -1
1.26738 -1
1.75959 -1
0.900426 -1
1.56249 -1
1.72293 -1
2.19458 -1
2.03138 -1
1.52636 -1
1.24962 -1
1.0218 -1
1.33022 -1
1.35978 -1
1.12345 -1
0.453197 -1
2.37961 -1
1.83067 -1
1.41142 -1
1.04997 -1
2.13993 -1
1.0574 -1
1.64019 -1
1.47397 -1
1 -1
1.50598 -1
1.11498 -1
1.89901 -1
2.70813 -1
1.13031 -1
1.13737 -1
1.45631 -1
1.2191 -1
1.51612 -1
1.51249 -1
1 -1
1.00548 -1
1.08697 -1
0.914688 -1
1.34107 -1
2.2922 -1
1.25617 -1
1.28989 -1
2.20581 -1
2.69044 -1
2.0596 -1
1.89459 -1
1.59544 -1
1.11203 -1
1.21696 -1
1.51592 -1
1.8058 -1
1.86529 -1
1.765 -1
1.8888 -1
1.06246 -1
0.855433 -1
1.8008 -1
1.56237 -1
1.54102 -1
1.64529 -1
1.48774 -1
1.54393 -1
1.28893 -1
2.62615 -1
2.28943 -1
0.999997 -1
1.70712 -1
1.34866 -1
1.75824 -1
0.832699 -1
2.80932 -1
1.91321 -1
1.1919 -1
0.7722 -1
1.42157 -1
0.93772 -1
0.816054 -1
0.775031 -1
1.31564 -1
1.18957 -1
1.3259 -1
1.47805 -1
1.63543 -1
1.64124 -1
1.46918 -1
1.12429 -1
1.58238 -1
2.21724 -1
1.26914 -1
0.923663 -1
1.5202 -1
2.02605 -1
1.94215 -1
3.1739 -1
0.828475 -1
1.69596 -1
1.35186 -1
1.31771 -1
1.96088 -1
1.28045 -1
1.5155 -1
1.1279 -1
1.87719 -1
1.46168 -1
2.80857 -1
1.41711 -1
0.0235673 -1
0.576001 -1
2.98978 -1
1.1777 -1
0.646542 -1
0.999999 -1
1.40713 -1
1.43925 -1
2.56521 -1
1.33227 -1
2.39894 -1
1.51339 -1
1.82872 -1
1.52486 -1
1.10911 -1
2.49375 -1
2.54568 -1
1.47956 -1
1.93174 -1
1.95768 -1
1.07424 -1
2.07893 -1
2.09631 -1
0.749813 -1
1.47506 -1
0.248636 -1
1.36682 -1
1.12202 -1
1.48145 -1
1.36298 -1
2.33625 -1
2.28728 -1
1.89839 -1
2.39806 -1
1.38528 -1
2.72254 -1
1.08253 -1
1.30112 -1
2.23648 -1
0.199817 -1
0.41043 -1
2.34657 -1
1.58571 -1
1.4926 -1
0.640859 -1
1.72898 -1
0.95476 -1
0.804694 -1
1.70274 -1
1.80538 -1
1.15968 -1
1.00421 -1
1.54254 -1
1.12131 -1
1.29263 -1
1.28762 -1
1.57255 -1
2.66004 -1
1.32881 -1
2.45869 -1
2.07435 -1
2.82019 -1
2.2826 -1
1.33518 -1
1.38575 -1
2.34137 -1
2.8847 -1
2.31387 -1
2.51004 -1
2.95169 -1
1.43954 -1
1.61795 -1
1.3689 -1
0.873262 -1
1.62048 -1
1 -1
1.51381 -1
1.87174 -1
2.22234 -1
1.9851 -1
1.88402 -1
1.73524 -1
1.47479 -1
2.30219 -1
2.10422 -1
1.90456 -1
1.50302 -1
1.906 -1
2.16788 -1
2.15499 -1
2.83082 -1
1.78339 -1
1.129 -1
1.04264 -1
2.25871 -1
2.05706 -1
2.46767 -1
1.90251 -1
1.92264 -1
1.82528 -1
2.0834 -1
2.05556 -1
2.04068 -1
1.8712 -1
1.74463 -1
1.61481 -1
2.36843 -1
2.07765 -1
1.27287 -1
1.99735 -1
2.29341 -1
0.743257 -1
1.18818 -1
1.09728 -1
3.04819 -1
2.29516 -1
1.534 -1
0.907311 -1
1.83056 -1
1.82411 -1
1.45209 -1
1.85247 -1
0.805822 -1
1.28317 -1
1.29257 -1
1.97851 -1
0.748086 -1
1.71663 -1
1.64165 -1
0.754183 -1
1.6965 -1
0.999999 -1
0.788253 -1
1.43111 -1
1.40244 -1
1.63947 -1
1.37258 -1
1.82242 -1
1.95428 -1
1.78143 -1
1.13807 -1
2.07172 -1
2.18213 -1
1.13101 -1
2.24065 -1
1.61524 -1
1.6039 -1
1.67994 -1
1.99326 -1
1.61197 -1
1.79046 -1
3.092 -1
1.54692 -1
1.96084 -1
1.54353 -1
1.6751 -1
2.78184 -1
1.4886 -1
2.04196 -1
1.20074 -1
1.54868 -1
1.5268 -1
1.8371 -1
2.66887 -1
1.67508 -1
1.96046 -1
1.53515 -1
2.23925 -1
2.14758 -1
2.47903 -1
1.08544 -1
2.33103 -1
2.65207 -1
2.38925 -1
1.63104 -1
1.54889 -1
2.77569 -1
1.53009 -1
1.72331 -1
1.58966 -1
1.63722 -1
1.12524 -1
1.32742 -1
1.69604 -1
1.41554 -1
1.27691 -1
1.69662 -1
1.48984 -1
1.52646 -1
1.87741 -1
1.55542 -1
1.52525 -1
1.67573 -1
1.99916 -1
1.63902 -1
1.40175 -1
1.53003 -1
1.62399 -1
1.42565 -1
1.49255 -1
1.88512 -1
1.9041 -1
1.81468 -1
1.65517 -1
1.9083 -1
1.61344 -1
1.16341 -1
1.9469 -1
1.24095 -1
1.48498 -1
1.59318 -1
1.60699 -1
1.46309 -1
1 -1
1.3982 -1
1.27721 -1
0.956197 -1
2.02066 -1
2.54296 -1
2.11479 -1
2.82531 -1
1.71647 -1
1.701 -1
1.38416 -1
2.21898 -1
1.88413 -1
2.68263 -1
1.74609 -1
1.85956 -1
1.94765 -1
1.56066 -1
2.08011 -1
1.61326 -1
1.15711 -1
2.51947 -1
1.96813 -1
1.92558 -1
1.90362 -1
1.58598 -1
0.980033 -1
1.12212 -1
1.22304 -1
1.91741 -1
1.23509 -1
2.40613 -1
1.39758 -1
1.7234 -1
1.86797 -1
1.30769 -1
1.57265 -1
1.6681 -1
1.65565 -1
1.96274 -1
1.22472 -1
1.72129 -1
1.32315 -1
1.61229 -1
1.44159 -1
2.17325 -1
1.63308 -1
1.60884 -1
2.46483 -1
2.07586 -1
1.35743 -1
2.6898 -1
1.26416 -1
1.4587 -1
1 -1
1.74212 -1
2.12872 -1
1.03633 -1
1.61474 -1
1.43913 -1
1.68948 -1
1.9686 -1
2.35463 -1
1.04012 -1
1.70209 -1
1.60233 -1
2.06362 -1
2.1529 -1
2.37979 -1
1.81835 -1
1.99471 -1
1.44626 -1
1.76939 -1
1.74927 -1
1.81136 -1
1.02838 -1
1.50005 -1
1.50107 -1
1.7222 -1
1.06864 -1
1.55646 -1
1.99087 -1
2.23078 -1
1.6931 -1
1.58309 -1
1.45423 -1
1.22862 -1
1.14952 -1
1.45057 -1
0.372464 -1
1.78707 -1
1.04521 -1
1.20545 -1
1.41875 -1
1.51305 -1
1.75165 -1
1.10039 -1
1.63018 -1
1.18222 -1
1.6415 -1
1.14132 -1
2.01025 -1
1.3321 -1
1.49889 -1
1.59463 -1
1.40611 -1
1.16576 -1
0.999999 -1
0.664294 -1
1.95662 -1
1.61375 -1
1.97765 -1
1.1989 -1
2.20889 -1
1.07565 -1
1.05058 -1
1.29073 -1
0.85306 -1
0.973791 -1
0.628621 -1
1.23485 -1
0.657507 -1
2.85832 -1
1.54167 -1
2.37378 -1
1.89286 -1
1.68045 -1
0.979363 -1
2.26922 -1
1.08971 -1
2.47399 -1
1.57573 -1
2.41006 -1
0.935137 -1
0.796721 -1
0.652147 -1
2.35994 -1
1.13282 -1
1.29818 -1
1.14165 -1
1.16585 -1
1.59643 -1
2.4436 -1
1.94227 -1
1.89969 -1
1.03469 -1
1 -1
2.29569 -1
2.04882 -1
1.29935 -1
1.66741 -1
2.23805 -1
1.93744 -1
2.267 -1
2.14154 -1
2.52006 -1
2.2849 -1
1.61201 -1
2.19595 -1
1.30901 -1
1.42664 -1
1.3847 -1
1.41004 -1
1.95625 -1
1.23535 -1
1.71108 -1
1.58676 -1
1.47484 -1
1.42236 -1
1.55849 -1
1.57081 -1
2.70981 -1
2.24871 -1
1.11267 -1
2.09888 -1
2.18803 -1
1.66017 -1
2.49161 -1
2.15005 -1
2.1881 -1
0.989919 -1
2.32589 -1
1.65524 -1
1.41231 -1
2.76497 -1
1.35343 -1
2.77326 -1
1.87167 -1
2.40482 -1
1.6246 -1
1.80359 -1
1.91513 -1
2.08158 -1
2.56683 -1
1.62694 -1
1.74673 -1
1.81923 -1
1.59942 -1
1.92944 -1
1.54871 -1
1.0874 -1
1.48606 -1
1.66939 -1
1.37306 -1
1.39185 -1
1.70163 -1
1.53034 -1
1.24038 -1
1 -1
2.48811 -1
0.834705 -1
2.34333 -1
1.14279 -1
2.05415 -1
1.65319 -1
1.0329 -1
2.13569 -1
1.38461 -1
1.3758 -1
1.58035 -1
1.64519 -1
2.45653 -1
1.44757 -1
1.83408 -1
1.57741 -1
1.56117 -1
1.96937 -1
1.1256 -1
2.32645 -1
1.50813 -1
1.57466 -1
2.42805 -1
2.39335 -1
1.65155 -1
1.93595 -1
1.7154 -1
1.05242 -1
1.04118 -1
0.994851 -1
0.727626 -1
1.34512 -1
0.928626 -1
2.06328 -1
2.37081 -1
1.79774 -1
2.635 -1
0.870418 -1
2.01099 -1
1.043 -1
1.78827 -1
2.56625 -1
2.24848 -1
0.745382 -1
1.34352 -1
0.853165 -1
2.10517 -1
1.53566 -1
2.00961 -1
2.19972 -1
0.375983 -1
1 -1
1.99231 -1
1.77626 -1
2.71175 -1
1.76696 -1
1.73009 -1
0.996895 -1
1.95123 -1
2.19005 -1
1.39789 -1
2.41611 -1
2.52586 -1
1.46384 -1
1.75037 -1
0.999998 -1
2.3494 -1
1.96162 -1
3.36755 -1
1.95659 -1
0.968176 -1
1.60507 -1
1.7191 -1
0.436736 -1
1.48984 -1
1.79841 -1
1.37321 -1
2.44575 -1
1.65159 -1
1.39378 -1
1.68768 -1
2.25857 -1
2.16913 -1
1.20212 -1
1.73302 -1
2.61903 -1
2.22732 -1
2.4511 -1
2.62571 -1
1.75601 -1
1.88535 -1
3.03295 -1
2.76608 -1
2.0904 -1
2.31026 -1
1.60877 -1
1.56236 -1
1.56859 -1
1.35882 -1
1.74422 -1
1.89289 -1
1.8323 -1
1.69405 -1
2.11191 -1
1.80507 -1
1.83052 -1
1.97385 -1
1.72727 -1
1.32926 -1
1.92126 -1
1.59974 -1
1.89905 -1
2.33243 -1
1.82462 -1
2.72684 -1
1.29547 -1
1.81083 -1
1.40477 -1
1.44274 -1
1.45707 -1
1.93513 -1
1.7261 -1
2.00787 -1
1.6485 -1
2.57542 -1
2.17103 -1
2.23901 -1
1.62147 -1
1.52202 -1
1.70072 -1
1.10917 -1
1.69154 -1
1.75995 -1
1.99342 -1
1.56487 -1
1.79398 -1
2.58763 -1
1.75313 -1
2.39884 -1
2.31744 -1
2.728 -1
2.65652 -1
1.44801 -1
2.3776 -1
1.91547 -1
2.27079 -1
2.85157 -1
1.52407 -1
1.20828 -1
2.29344 -1
1.5624 -1
2.19679 -1
1.66772 -1
1.77109 -1
2.67212 -1
1.70202 -1
1.38932 -1
1.9144 -1
1.8421 -1
2.30322 -1
2.38555 -1
2.09915 -1
1.94619 -1
1.98563 -1
1.8553 -1
1.49724 -1
1.82525 -1
1.55217 -1
0.596599 -1
1.99285 -1
0.752711 -1
1.30933 -1
0.7385 -1
1.61945 -1
1.87982 -1
1.28985 -1
1.42331 -1
1.13754 -1
1.31261 -1
2.13281 -1
1.63593 -1
1.75008 -1
1.82696 -1
1.32103 -1
1.0886 -1
2.05738 -1
2.41364 -1
1.06503 -1
1.68327 -1
0.752376 -1
1.72809 -1
1.54482 -1
1.62325 -1
1 -1
1.60888 -1
1.46416 -1
1.74231 -1
1.28068 -1
1.39216 -1
1.06796 -1
1.64176 -1
1.97666 -1
1.62054 -1
2.08684 -1
1.84594 -1
1.62913 -1
1.7569 -1
2.14787 -1
2.02358 -1
1.79429 -1
2.17101 -1
1.6721 -1
2.26578 -1
2.4322 -1
2.40812 -1
1.64276 -1
1.52702 -1
1.66653 -1
1.74153 -1
1.60802 -1
2.50628 -1
1.86754 -1
2.33569 -1
2.16669 -1
1.8622 -1
2.3298 -1
2.47682 -1
1.04566 -1
2.98175 -1
2.18258 -1
1.39057 -1
2.73938 -1
2.36817 -1
1.38659 -1
1.45394 -1
2.36233 -1
1.87677 -1
1.82079 -1
2.32666 -1
1.76894 -1
1.95095 -1
2.0831 -1
1.36159 -1
1.07377 -1
1.99969 -1
1.55925 -1
1.47701 -1
2.25624 -1
2.138 -1
1.82476 -1
1.65238 -1
2.35885 -1
1.45674 -1
1.6817 -1
1.90926 -1
1.13559 -1
2.11231 -1
1.9797 -1
2.02334 -1
2.5563 -1
2.0122 -1
1.46937 -1
2.30965 -1
2.4569 -1
1.41204 -1
1.6903 -1
2.1637 -1
2.4738 -1
2.11495 -1
2.027 -1
1.80166 -1
1.81136 -1
1.76733 -1
2.31654 -1
2.36293 -1
1.91016 -1
1.38568 -1
1.60774 -1
0.968279 -1
1.83317 -1
0.532922 -1
1.81701 -1
0.985794 -1
1.77084 -1
1.28493 -1
1.05194 -1
1.76568 -1
1.36361 -1
1.52842 -1
1.32081 -1
1.31905 -1
1.44819 -1
1.36884 -1
1.20089 -1
1.33898 -1
1.23014 -1
1.6519 -1
1.03802 -1
0.980613 -1
2.1244 -1
1.67725 -1
1.45299 -1
1.51832 -1
1.21755 -1
1.12085 -1
1.39905 -1
2.38682 -1
1.26339 -1
1.66606 -1
2.72419 -1
1.58022 -1
1.49553 -1
1.6472 -1
0.999999 -1
1.34771 -1
1.0381 -1
1.65435 -1
1.59683 -1
1.37206 -1
1.62603 -1
0.950689 -1
1.80885 -1
2.11 -1
1.66364 -1
1.56732 -1
1.1747 -1
1.31298 -1
1.6061 -1
1.41762 -1
1.63953 -1
1.02302 -1
1.43878 -1
2.22738 -1
1.19887 -1
0.842267 -1
1.59111 -1
1.5309 -1
1.62288 -1
1.47135 -1
1.55368 -1
1.40395 -1
1.66742 -1
1.5374 -1
1.32454 -1
1.50231 -1
0.999998 -1
1.20435 -1
1.255 -1
1.77195 -1
1.30309 -1
1.43022 -1
2.30608 -1
1.23753 -1
1.72284 -1
1.42689 -1
1.26089 -1
1.93546 -1
1.54436 -1
1.59291 -1
1.65966 -1
1.48683 -1
1.99518 -1
1.91666 -1
1.93471 -1
2.38637 -1
1.67654 -1
1.53221 -1
2.39269 -1
1.71727 -1
1.61163 -1
1.47494 -1
1.76789 -1
2.53224 -1
1.7273 -1
2.27747 -1
0.415038 -1
1.98687 -1
2.01244 -1
2.03203 -1
1.86735 -1
2.86449 -1
1.42553 -1
2.20488 -1
2.79866 -1
1.49528 -1
1.6949 -1
1.07317 -1
1.88042 -1
2.21442 -1
1.76457 -1
1.04754 -1
1.39662 -1
1.21273 -1
1.77804 -1
1.29304 -1
2.62801 -1
2.62365 -1
2.49136 -1
2.15079 -1
1 -1
2.50256 -1
2.2627 -1
1.31984 -1
1.61541 -1
2.35725 -1
1.27884 -1
0.740088 -1
1.1538 -1
1.29718 -1
1.81964 -1
2.1024 -1
1 -1
1.19578 -1
1.05494 -1
1.708 -1
0.746288 -1
1.10245 -1
1.11257 -1
1.48467 -1
1.99922 -1
2.02008 -1
1.57108 -1
2.35274 -1
0.531205 -1
1.02101 -1
1.56051 -1
1.4508 -1
2.79647 -1
2.32558 -1
2.74454 -1
2.12098 -1
2.01935 -1
2.68099 -1
2.52249 -1
3.14531 -1
1.34764 -1
1.44807 -1
1.35136 -1
0.957953 -1
1.7115 -1
1.96045 -1
1.66672 -1
1.73273 -1
2.02381 -1
1.72201 -1
1.35884 -1
2.38251 -1
1.37097 -1
1.38474 -1
1.24597 -1
0.680484 -1
1.31981 -1
1.42004 -1
2.23939 -1
1.80477 -1
1.76735 -1
1.63569 -1
1.75414 -1
1.64843 -1
1.87503 -1
1.57728 -1
1.20817 -1
1.11928 -1
0.841845 -1
1.83648 -1
2.03395 -1
0.999999 -1
0.630953 -1
1.94343 -1
3.089 -1
1.64554 -1
1.98092 -1
1.03572 -1
3.26703 -1
1.96563 -1
1.71626 -1
1.85117 -1
1.62413 -1
1.42401 -1
1.56434 -1
1.6027 -1
1.90742 -1
2.02232 -1
1.69776 -1
1.55582 -1
2.05364 -1
0.758429 -1
0.462501 -1
1.45204 -1
0.696782 -1
1.08977 -1
1.49994 -1
1.70609 -1
1.20533 -1
0.758509 -1
1.21601 -1
0.875303 -1
1.17507 -1
1.67649 -1
2.83911 -1
0.98438 -1
1.12745 -1
1.82331 -1
1.44555 -1
1.14862 -1
2.03383 -1
1.75049 -1
0.999998 -1
1.75414 -1
2.52941 -1
2.19811 -1
2.50136 -1
2.13554 -1
1.94237 -1
1.93999 -1
2.31068 -1
2.51413 -1
1.11794 -1
1.0953 -1
1.5075 -1
1.75527 -1
2.21391 -1
1.75363 -1
1.89527 -1
2.20056 -1
1.40404 -1
1.82587 -1
1.38085 -1
1.97239 -1
1 -1
2.18353 -1
2.66211 -1
1.60318 -1
1.0817 -1
1.14294 -1
1.04663 -1
1.54572 -1
1.12784 -1
1.30179 -1
1.83394 -1
1.97847 -1
1.64816 -1
1.17133 -1
2.23619 -1
3.37442 -1
2.44806 -1
1.23114 -1
2.01667 -1
2.32037 -1
2.42241 -1
1.61452 -1
1.81495 -1
1.68812 -1
1.85274 -1
1.64048 -1
2.57133 -1
1.37939 -1
1.18679 -1
1.16192 -1
1.27173 -1
2.38479 -1
1.8993 -1
1.65925 -1
1.50614 -1
1.14544 -1
0.999998 -1
2.79915 -1
0.720021 -1
1.21171 -1
1.54938 -1
0.993521 -1
1.32025 -1
2.14061 -1
1 -1
1.5291 -1
1.97687 -1
1.52053 -1
1.35424 -1
1.06773 -1
1.31318 -1
1.29818 -1
1.22863 -1
1.4611 -1
1.58745 -1
1.59802 -1
1.55701 -1
1.63685 -1
2.93213 -1
1.90187 -1
1.91043 -1
2.0457 -1
2.25344 -1
2.29664 -1
3.11766 -1
2.58351 -1
2.78799 -1
1.18172 -1
1.23046 -1
1.99179 -1
1.40016 -1
2.44594 -1
1.71073 -1
2.74583 -1
2.1992 -1
2.23096 -1
1.34849 -1
2.35026 -1
1.55681 -1
2.0719 -1
0.584878 -1
1.46902 -1
2.13703 -1
2.34373 -1
1.30887 -1
1.21875 -1
2.22333 -1
2.0605 -1
1.95583 -1
2.0986 -1
1.61314 -1
1.68955 -1
1.47051 -1
2.46024 -1
1.53637 -1
2.24984 -1
1.28508 -1
2.82531 -1
0.825574 -1
1.91163 -1
1.70416 -1
2.01885 -1
2.77173 -1
2.55357 -1
2.46951 -1
1.02047 -1
1.09935 -1
0.301477 -1
2.065 -1
2.21513 -1
1.48004 -1
1.63487 -1
2.2385 -1
1.52712 -1
1.02147 -1
1.07437 -1
1.97298 -1
2.79735 -1
2.12126 -1
1.05905 -1
2.15555 -1
1.65429 -1
1.53851 -1
1.32197 -1
0.999999 -1
1.38625 -1
1.09543 -1
1.22123 -1
1.3099 -1
1.50978 -1
1.66822 -1
2.03282 -1
1.61695 -1
1.34723 -1
1.46141 -1
2.03893 -1
1.51886 -1
2.38616 -1
1.62717 -1
2.20607 -1
0.999998 -1
2.19815 -1
1.62447 -1
1.23377 -1
2.09624 -1
1 -1
0.740722 -1
1.54735 -1
2.55544 -1
1.18456 -1
1.59572 -1
1.87362 -1
1.33147 -1
2.54818 -1
1.74286 -1
1.40303 -1
1 -1
1.44459 -1
1.87479 -1
1.99813 -1
1.8587 -1
0.999999 -1
1.45901 -1
1.14531 -1
1.19412 -1
2.22698 -1
1.1395 -1
1.4075 -1
1.57123 -1
1.16686 -1
0.957489 -1
0.461163 -1
1.79387 -1
1.99398 -1
0.949272 -1
1.35996 -1
1.28923 -1
1.55231 -1
1 -1
1.35872 -1
0.784218 -1
1.66782 -1
1.68116 -1
2.23601 -1
1.59964 -1
1.82115 -1
2.01416 -1
1.0164 -1
1.24534 -1
1.70585 -1
1.5649 -1
1.77868 -1
1.48645 -1
1.77804 -1
1.40887 -1
1.50105 -1
1 -1
0.912675 -1
1.7576 -1
1.88872 -1
2.62563 -1
1.54221 -1
1.29373 -1
1.38208 -1
1.50113 -1
2.21659 -1
1.68983 -1
1.32316 -1
2.10559 -1
1.21924 -1
1.91858 -1
1.31082 -1
1.54163 -1
1.67192 -1
1.63167 -1
1.6664 -1
1.21199 -1
1.57068 -1
1.40402 -1
1.48204 -1
1.61658 -1
1.63243 -1
1 -1
1.68581 -1
1.89177 -1
1.08223 -1
1.46951 -1
1.43935 -1
1.34653 -1
1.75759 -1
1.20752 -1
1.83299 -1
1.60791 -1
1.7689 -1
1.70572 -1
1.87654 -1
2.07348 -1
2.9124 -1
1.84855 -1
1.16364 -1
1.13964 -1
1.26991 -1
2.03461 -1
1.5705 -1
1.58896 -1
0.540997 -1
1.07563 -1
1.93802 -1
1.87948 -1
1.14999 -1
1.71773 -1
1.41787 -1
1.66246 -1
1.52877 -1
1.70682 -1
1.59544 -1
1.3802 -1
1.35592 -1
1.84745 -1
2.4225 -1
1.66732 -1
1.05265 -1
1.04936 -1
2.45319 -1
1.98692 -1
1.03928 -1
1.57773 -1
1.78629 -1
1.24327 -1
0.695407 -1
1.53628 -1
1.23225 -1
1.66222 -1
1.0998 -1
0.901675 -1
2.46024 -1
2.09276 -1
1.65619 -1
0.283763 -1
1.46777 -1
1.28536 -1
0.827458 -1
2.45019 -1
1.81691 -1
2.82741 -1
1.41053 -1
2.22762 -1
1.41403 -1
2.03333 -1
1.93342 -1
1.29877 -1
1.55178 -1
1.70997 -1
1.69641 -1
1.91936 -1
1.42411 -1
1.9374 -1
1.54151 -1
1.62725 -1
1.90795 -1
0.747408 -1
1.54165 -1
1.26297 -1
1.19687 -1
1.50795 -1
1.40984 -1
1.86131 -1
1.93595 -1
2.04326 -1
1.99963 -1
1.47501 -1
1.27523 -1
1.28777 -1
2.05451 -1
1.70919 -1
2.29212 -1
1.63518 -1
1.46245 -1
1.53701 -1
2.2881 -1
1.18659 -1
1.5815 -1
2.05369 -1
1.451 -1
1.94251 -1
0.685146 -1
1.22706 -1
1.92689 -1
1.87641 -1
1.29505 -1
1.60919 -1
1.41215 -1
2.51718 -1
2.28264 -1
2.14599 -1
1.40074 -1
1.12743 -1
1.59402 -1
1.7884 -1
1.24585 -1
1.62613 -1
1.44017 -1
1.44263 -1
1 -1
1.49491 -1
2.4686 -1
1.4631 -1
1.00452 -1
1.10958 -1
1.68304 -1
0.645272 -1
1.8184 -1
1.50007 -1
1.85477 -1
1.42181 -1
1.74815 -1
1.44273 -1
1.24919 -1
1.9016 -1
0.977197 -1
0.999998 -1
1.264 -1
1.62573 -1
1.1918 -1
1.44658 -1
0.894452 -1
0.931739 -1
1.60464 -1
1.10183 -1
2.05438 -1
1.35632 -1
0.926785 -1
1.30445 -1
1.34488 -1
1.38685 -1
2.15205 -1
2.14179 -1
1.11233 -1
1.26611 -1
0.925059 -1
1.24887 -1
1.03719 -1
0.993581 -1
1.65116 -1
2.30895 -1
1.93259 -1
1.60456 -1
1.72715 -1
0.935096 -1
1.52578 -1
0.808366 -1
0.730087 -1
1.72752 -1
1 -1
1.67457 -1
2.40915 -1
1.99948 -1
1.52949 -1
1.90781 -1
1.69137 -1
1.08743 -1
1.70362 -1
1.59469 -1
1.33257 -1
1.61261 -1
1.70322 -1
0.503044 -1
0.825248 -1
1.14212 -1
1.23761 -1
1.7602 -1
2.0703 -1
1.18986 -1
1.08694 -1
1.463 -1
1.45434 -1
2.39725 -1
1.91995 -1
2.15321 -1
1.31148 -1
1.96062 -1
1.7855 -1
1.11363 -1
1.67931 -1
1.85454 -1
1.36251 -1
1.79523 -1
1.05927 -1
1.87498 -1
1.82679 -1
1.83764 -1
1.3968 -1
0.89837 -1
0.426961 -1
1.38275 -1
1.28296 -1
1.72164 -1
1.86969 -1
1.50372 -1
1.48339 -1
1.61617 -1
1.53553 -1
1 -1
1.70326 -1
1.73665 -1
1.80255 -1
1.41782 -1
1.35464 -1
1.81168 -1
1.31507 -1
1.46147 -1
1 -1
1.69995 -1
1.05669 -1
1.21266 -1
1.78644 -1
1.37105 -1
1.69374 -1
1.87584 -1
1.29929 -1
1.48826 -1
1.63434 -1
1.26049 -1
0.442852 -1
2.20975 -1
2.12558 -1
1.36623 -1
1.04526 -1
1.57006 -1
1.54328 -1
1.11782 -1
1.11956 -1
1.85793 -1
1.76529 -1
1.99182 -1
1.77319 -1
1.43309 -1
2.09931 -1
1.60291 -1
1.47901 -1
1.3988 -1
1.53327 -1
2.14236 -1
1.37307 -1
1.48993 -1
1.89675 -1
0.95279 -1
2.085 -1
1.23072 -1
1.36144 -1
2.03161 -1
1.27695 -1
1.33262 -1
1.07631 -1
1.25695 -1
2.07566 -1
1.61111 -1
1.11213 -1
1.78728 -1
1.65772 -1
0.948755 -1
1.4334 -1
1.05245 -1
1.50827 -1
1.37902 -1
1.24047 -1
1.41551 -1
1.47981 -1
1.33742 -1
1.64568 -1
1.31111 -1
1 -1
1.41201 -1
1.80876 -1
1.99779 -1
1.151 -1
1.35242 -1
1.44757 -1
1.08456 -1
0.7245 -1
1.3253 -1
1.87841 -1
1.49942 -1
1.28382 -1
1.7362 -1
1.33392 -1
1.88945 -1
1.11822 -1
1.91173 -1
1.22621 -1
1.20023 -1
1.73127 -1
1.53278 -1
1.47839 -1
1.82853 -1
1.62002 -1
1.46443 -1
0.999998 -1
1.39037 -1
1.51356 -1
1.40148 -1
1.81333 -1
1.85799 -1
1.81815 -1
1.5206 -1
1.55536 -1
2.12126 -1
1.22724 -1
1.44357 -1
1.80156 -1
0.999998 -1
1.0278 -1
1.7679 -1
0.735461 -1
0.950103 -1
1.1271 -1
1.49899 -1
1.25788 -1
1.57592 -1
1.4995 -1
1.57527 -1
1.75276 -1
1.3714 -1
1.49293 -1
1.56878 -1
1.84231 -1
1.59939 -1
2.20746 -1
1.1281 -1
1.04251 -1
1.62222 -1
0.864249 -1
1.73603 -1
1.66045 -1
1.59484 -1
1.99438 -1
1.49415 -1
1.50613 -1
1.21304 -1
1.60397 -1
1.4067 -1
1.32152 -1
1.69987 -1
1.35804 -1
1.33643 -1
1.30819 -1
1.40059 -1
1.11771 -1
1.32553 -1
1.88256 -1
1.27505 -1
1.65786 -1
1.80598 -1
1.17333 -1
1.75324 -1
1.61979 -1
1.43479 -1
1.61198 -1
1.38713 -1
1.02706 -1
1.33655 -1
1.72036 -1
1.1601 -1
1.23256 -1
1.90612 -1
1.5277 -1
1.6985 -1
1.66456 -1
1.27122 -1
1.14128 -1
1.59214 -1
1 -1
1.43741 -1
1.36505 -1
1.37993 -1
1.40677 -1
1.51451 -1
1.50648 -1
1.33564 -1
1.27418 -1
1.52225 -1
1.548 -1
1.31657 -1
1.5378 -1
1.73385 -1
1.27229 -1
1.4503 -1
2.05509 -1
2.3616 -1
1.4567 -1
1.93521 -1
1.75751 -1
2.8764 -1
2.21596 -1
2.07126 -1
1 -1
1.52088 -1
1.28757 -1
1.31145 -1
1.21834 -1
1.74038 -1
1.4993 -1
1.29335 -1
1.58352 -1
1.63603 -1
1.66759 -1
1.97273 -1
1.4589 -1
1.43799 -1
1.03949 -1
1.57417 -1
1.41782 -1
1.79703 -1
1.76766 -1
0.997453 -1
1.50837 -1
1.33468 -1
1.32861 -1
1.7958 -1
1.58806 -1
1.77625 -1
1.50077 -1
2.18242 -1
0.999997 -1
1.73931 -1
1.33582 -1
1.28132 -1
1.27347 -1
1.73354 -1
1.69122 -1
1.18804 -1
1.77079 -1
1.5743 -1
2.01102 -1
1.4572 -1
1.38847 -1
1.3483 -1
1.79713 -1
1.36867 -1
1.64499 -1
1.15605 -1
1.62279 -1
1.78396 -1
1.58419 -1
0.843096 -1
1.13041 -1
1.24634 -1
1.46066 -1
0.559619 -1
1.41084 -1
1.4202 -1
1.54857 -1
0.999999 -1
1.48469 -1
0.921521 -1
1.9318 -1
1.94021 -1
1.79377 -1
1.10636 -1
1.92924 -1
1.98195 -1
1.37382 -1
1.50375 -1
1.38718 -1
1.43316 -1
1 -1
1.35866 -1
1.43556 -1
0.999999 -1
1.24775 -1
0.999999 -1
0.979171 -1
1.6904 -1
1.2486 -1
1.5978 -1
1 -1
1.96649 -1
1.07761 -1
1 -1
1.07973 -1
1.59877 -1
1.75518 -1
1.2733 -1
1.68556 -1
1.401 -1
1.89472 -1
0.833092 -1
1.57017 -1
1.6254 -1
1.39862 -1
1.39168 -1
2.08065 -1
1.79381 -1
1.14831 -1
2.04238 -1
2.04333 -1
2.02911 -1
1.49654 -1
1.73231 -1
1.67292 -1
1.20772 -1
2.1062 -1
1.7038 -1
1.81164 -1
1.02853 -1
2.12006 -1
1.18526 -1
0.518207 -1
1.21897 -1
1.48837 -1
1.05282 -1
1.57852 -1
1.33007 -1
1.42274 -1
1.26423 -1
1.77239 -1
1.18678 -1
1.15695 -1
1.06426 -1
1.65867 -1
1.70982 -1
1.56725 -1
1.42824 -1
1.42934 -1
1.15132 -1
1.22095 -1
1.38601 -1
1.54836 -1
1.40443 -1
1.47408 -1
2.04485 -1
1.92872 -1
1 -1
1.32394 -1
1.33253 -1
1.31825 -1
1.42154 -1
1.46506 -1
1.46411 -1
1.5389 -1
1.16073 -1
1.49128 -1
1.57042 -1
0.267934 -1
1.60242 -1
1.59609 -1
1.4072 -1
1.26462 -1
1.28916 -1
1.51819 -1
1.58558 -1
1.44813 -1
1.6741 -1
1.12973 -1
1.20835 -1
1.51692 -1
1.3808 -1
1.41561 -1
1.57615 -1
1.12707 -1
2.20432 -1
1.55954 -1
1.49987 -1
1.31601 -1
1.21939 -1
1.15715 -1
1.58005 -1
1.71826 -1
1.15279 -1
1.21582 -1
1.83576 -1
1.28429 -1
1.37948 -1
1 -1
1.58719 -1
1.5015 -1
1.40933 -1
0.970195 -1
1.8702 -1
1.86517 -1
1.36392 -1
1.45539 -1
1.54206 -1
1.58248 -1
1.14367 -1
1.57897 -1
1.40902 -1
1.71059 -1
1.74518 -1
1.87426 -1
2.00126 -1
1.4324 -1
1.71754 -1
2.37053 -1
2.3203 -1
2.29136 -1
2.52185 -1
1.79677 -1
2.21013 -1
0.868217 -1
1.50974 -1
1.54988 -1
1.29659 -1
1 -1
1.31723 -1
1.36388 -1
2.09912 -1
1.10194 -1
1.6716 -1
1.79773 -1
2.40449 -1
2.02619 -1
1.36862 -1
1.45671 -1
1.69831 -1
1.87799 -1
2.74616 -1
2.28783 -1
2.17587 -1
2.26038 -1
2.04108 -1
1.66225 -1
2.76949 -1
2.08956 -1
1.54768 -1
2.41507 -1
2.92204 -1
3.35258 -1
1.83146 -1
1.20583 -1
1.63094 -1
0.732651 -1
1.17131 -1
2.97795 -1
1.84538 -1
1.02055 -1
1.8886 -1
1.11078 -1
2.38085 -1
1.37665 -1
1.56339 -1
1.36532 -1
1.70532 -1
2.29306 -1
1.98082 -1
0.959772 -1
1.47768 -1
1.20248 -1
0.958759 -1
1.49246 -1
1 -1
1.27989 -1
1.8779 -1
1.43505 -1
1.13852 -1
1.90421 -1
1.92452 -1
1.59758 -1
1.62361 -1
1.85532 -1
1.1004 -1
2.10976 -1
1.8032 -1
1.50565 -1
1.30548 -1
1.23388 -1
1.27558 -1
1.96487 -1
2.4728 -1
1.68208 -1
1.52499 -1
1.21478 -1
0.684182 -1
1.77108 -1
2.34415 -1
2.02043 -1
1.04043 -1
1.15051 -1
2.31779 -1
1.46854 -1
1.50076 -1
1.86118 -1
1.34261 -1
1.23355 -1
1.32031 -1
1.01741 -1
1.62538 -1
1.61853 -1
1.10166 -1
1.13759 -1
0.975974 -1
1.0079 -1
1.04149 -1
1.88298 -1
1.04125 -1
0.631658 -1
2.57541 -1
0.467494 -1
1.14137 -1
2.42143 -1
1.82651 -1
1.33918 -1
2.30529 -1
1.51197 -1
1.75709 -1
2.23172 -1
2.43311 -1
1.45107 -1
1.07285 -1
1.96233 -1
2.3266 -1
0.234115 -1
1.09056 -1
1.50309 -1
1.78251 -1
1.311 -1
1.08465 -1
1.28367 -1
1.95676 -1
1.56821 -1
1.95557 -1
2.22677 -1
2.25838 -1
2.38196 -1
1.77031 -1
2.10423 -1
1.40913 -1
1.08185 -1
1.26245 -1
2.7858 -1
1.29945 -1
1.48232 -1
1.3468 -1
1.36394 -1
1.69641 -1
1.29866 -1
1.27178 -1
1.83041 -1
1.73869 -1
1.41131 -1
1.64186 -1
0.377223 -1
1.22324 -1
2.81151 -1
1.78119 -1
2.12436 -1
1.76133 -1
1.31866 -1
2.12096 -1
0.771177 -1
1.72772 -1
1.39991 -1
1.54158 -1
1.54696 -1
1.19103 -1
2.00095 -1
1.53535 -1
1.56286 -1
1.97069 -1
1.9221 -1
1.23956 -1
2.00347 -1
2.03242 -1
2.89952 -1
1.33734 -1
1.36909 -1
1.60419 -1
1.34552 -1
1.13896 -1
1.56224 -1
1.75279 -1
1.37834 -1
1.50944 -1
2.09919 -1
1.27808 -1
1.23566 -1
2.07585 -1
1.97679 -1
1.64148 -1
1.28666 -1
1.75707 -1
1.83153 -1
1.61365 -1
0.999999 -1
1.48354 -1
1.6425 -1
0.715046 -1
2.09485 -1
1.80677 -1
1.1835 -1
1.59922 -1
2.11781 -1
1.87705 -1
1.74474 -1
2.08532 -1
1.98316 -1
1.42762 -1
0.860244 -1
0.999999 -1
1.46513 -1
1.41771 -1
1.59489 -1
2.38993 -1
1.20163 -1
1.12924 -1
1.21893 -1
1.62884 -1
0.808402 -1
0.888368 -1
1.51551 -1
1.59934 -1
1.37412 -1
1.49268 -1
1.05131 -1
1.31139 -1
1.42376 -1
1.11119 -1
1 -1
1.40878 -1
1.21468 -1
3.36198 -1
1.22054 -1
1.68291 -1
1.63534 -1
1.43328 -1
1.15568 -1
1.05179 -1
1.41115 -1
1.11331 -1
1.37643 -1
1.26937 -1
1.58192 -1
1.64305 -1
1.10835 -1
1.3034 -1
1.60282 -1
1.52467 -1
1.40018 -1
1.33563 -1
2.73403 -1
1.21283 -1
1.17595 -1
1.59701 -1
2.05756 -1
2.49894 -1
1.8329 -1
1.29929 -1
1.37573 -1
1.2174 -1
1.57146 -1
1.02885 -1
1.61116 -1
1.57183 -1
1.46679 -1
1.39497 -1
1.2772 -1
1.29381 -1
1.66608 -1
1.43276 -1
1.13183 -1
1.38988 -1
1.11987 -1
1.27193 -1
1.88205 -1
1.22742 -1
1 -1
1.29964 -1
1.19652 -1
1.49169 -1
1.63629 -1
1.31964 -1
1.39575 -1
1.39499 -1
1.43696 -1
1.70182 -1
1.52014 -1
1.59775 -1
2.27085 -1
2.09679 -1
1.46796 -1
1.78306 -1
1.66627 -1
1.65437 -1
1.36356 -1
1.27387 -1
1.46794 -1
2.1869 -1
2.03989 -1
1.30118 -1
2.82834 -1
1.22931 -1
1.34795 -1
1.367 -1
1.67085 -1
2.14387 -1
1.4845 -1
1.59072 -1
1.53244 -1
1.33775 -1
1.89294 -1
1.03037 -1
2.15042 -1
1.40538 -1
2.04934 -1
1.59766 -1
1.63633 -1
