4500 2
-1.49465 1
1.59344 -1
-1.00702 1
-1.00606 1
-0.995257 1
-1.17899 1
-3.63811 1
-3.19824 1
-2.47218 1
-0.696976 1
-0.997062 1
-0.999385 1
-1.4111 1
-0.136963 1
-1.19207 1
-0.992343 1
-1.0072 1
-1.07723 1
-1.00175 1
-2.08763 1
-0.323717 1
-1.04342 1
-0.997107 1
-1.97108 1
-0.992679 1
-0.402067 1
-2.16872 1
-3.19956 1
-0.52749 1
-0.179804 1
-0.30347 1
-2.11012 1
-0.547537 1
-0.940825 1
-1.70204 1
0.457236 -1
-1.62086 1
-2.12569 1
-2.19335 1
-1.35699 1
-0.481819 1
-1.00718 1
-1.18703 1
-0.99678 1
-1.0975 1
-1.654 1
-0.997373 1
-1.0303 1
-1.48852 1
0.471193 -1
-2.29792 1
-0.467421 1
-1.30734 1
-1.88961 1
-2.53576 1
-2.74893 1
-1.0031 1
-1.85785 1
-1.15237 1
-1.25357 1
-1.00847 1
-1.2158 1
-1.008 1
0.327121 -1
-1.53273 1
-1.94367 1
-2.09118 1
-1.14836 1
-1.48181 1
-1.00537 1
-2.28816 1
-0.992516 1
-1.26534 1
-1.89927 1
-0.741389 1
-0.463831 1
-1.65513 1
-1.00486 1
-1.69186 1
-2.02453 1
-1.32469 1
-0.840976 1
-1.7941 1
-0.984583 1
-2.634 1
-0.998462 1
-1.25635 1
-2.18082 1
-2.21063 1
-1.7686 1
-2.57062 1
0.722611 -1
-1.68986 1
-0.684016 1
-1.75971 1
-1.93705 1
-0.998856 1
-1.02304 1
-0.996034 1
-3.00077 1
-1.36345 1
-1.68699 1
-2.60296 1
-0.956216 1
-1.91845 1
-1.61987 1
-1.00442 1
-1.62134 1
-2.35558 1
-1.34918 1
-2.24053 1
-1.07796 1
-1.82069 1
-1.55623 1
-0.996002 1
-2.29217 1
-0.996112 1
-1.94218 1
-2.02662 1
-1.06205 1
-0.994005 1
-1.00567 1
-1.5543 1
-1.00744 1
-0.902624 1
-1.39116 1
-1.62443 1
-1.21855 1
-1.00249 1
-1.00163 1
-0.993823 1
-0.996431 1
-0.996385 1
-1.39985 1
-0.995485 1
-0.996859 1
-0.994292 1
-1.49792 1
-0.996314 1
-1.85388 1
-1.22133 1
-0.714024 1
-1.90774 1
-1.00389 1
-1.83241 1
-3.35896 1
-2.72714 1
-1.22513 1
-0.356044 1
-1.83403 1
-0.993705 1
-0.866365 1
-1.97771 1
-0.992752 1
-1.98461 1
-1.68157 1
0.306281 -1
-2.20953 1
-1.47143 1
-2.28779 1
0.198722 -1
-1.33911 1
-1.00783 1
-2.45727 1
-1.61869 1
-1.13213 1
0.425843 -1
-1.9229 1
-0.685614 1
-1.20688 1
-2.48913 1
-2.25855 1
-1.14563 1
-2.62293 1
-3.17085 1
-1.00352 1
-2.13451 1
-0.992286 1
-2.34948 1
-1.81708 1
-1.00333 1
-1.09032 1
-1.67271 1
-1.98879 1
-1.00508 1
-2.42685 1
-0.992403 1
-0.996221 1
-0.6115 1
-1.00168 1
-0.994124 1
-1.60872 1
-2.46043 1
-1.44801 1
-1.00108 1
-1.57105 1
-2.576 1
-2.14569 1
-0.815897 1
-2.36116 1
-1.9232 1
-1.9826 1
-2.47011 1
-1.00336 1
-0.999383 1
-1.7371 1
-0.939694 1
-1.5623 1
-1.64887 1
-2.00456 1
-1.3239 1
-1.00004 1
-0.555863 1
-2.36143 1
-1.00351 1
-2.04086 1
-2.10465 1
-2.96567 1
-2.87103 1
-2.0673 1
-2.58627 1
-0.978292 1
-2.93282 1
-0.453082 1
-2.83422 1
-0.156946 1
-2.36254 1
-2.17197 1
-0.718463 1
-0.990894 1
-1.40101 1
-1.00323 1
-1.93448 1
-0.99699 1
-1.91196 1
-1.00323 1
-0.392452 1
-2.42794 1
-2.05717 1
-0.750778 1
-1.00196 1
-2.81941 1
-1.08204 1
-1.12246 1
-0.344645 1
-0.992547 1
-1.26842 1
-0.999288 1
-1.00632 1
-1.48921 1
-1.00095 1
-1.66893 1
-3.52479 1
-1.84476 1
-1.0015 1
-2.83467 1
-4.30167 1
-0.999193 1
-2.06714 1
-2.34903 1
-1.17791 1
-1.3032 1
-2.6062 1
-1.51743 1
-0.994087 1
-1.97468 1
-0.999348 1
-0.994925 1
-0.998451 1
-0.999012 1
-2.78888 1
-1.59462 1
-1.56253 1
-1.28952 1
-1.5046 1
-0.891734 1
-1.94499 1
-2.54826 1
-2.80512 1
-1.86243 1
-1.39704 1
-1.68618 1
-0.990889 1
-0.773942 1
-2.43523 1
-1.30727 1
-1.4535 1
-1.00515 1
-1.00703 1
-2.25568 1
-1.44098 1
-1.85837 1
-0.996361 1
-2.83888 1
-2.55831 1
-3.30103 1
-1.60108 1
-1.00476 1
-2.24452 1
-2.67345 1
-1.88472 1
-1.00318 1
-1.31334 1
-3.17384 1
-2.27445 1
-1.44036 1
-1.5399 1
-1.84528 1
-0.999203 1
-0.995851 1
-2.14055 1
-2.15669 1
-2.49183 1
-2.10213 1
-1.15831 1
-0.991945 1
-1.74004 1
-1.50127 1
-2.36056 1
-2.35688 1
-2.07279 1
-1.26329 1
-1.56133 1
-2.4534 1
-1.84118 1
-1.66999 1
-1.48838 1
-1.00085 1
-0.3008 1
-0.386794 1
-1.97816 1
-1.99056 1
-1.38218 1
-3.74028 1
-0.35927 1
-0.814632 1
-2.06076 1
-0.996549 1
-1.00873 1
-1.34769 1
-1.00464 1
-0.50947 1
-1.42879 1
-1.12053 1
-0.993352 1
-0.999666 1
-0.507323 1
-1.00402 1
-1.93677 1
-1.0024 1
-0.994142 1
-1.13292 1
-1.85522 1
-1.14261 1
-2.53683 1
-1.16865 1
-1.47787 1
-1.00578 1
-1.2004 1
-0.994429 1
-1.78099 1
-0.683412 1
-1.48423 1
-0.890978 1
-1.61957 1
-1.00386 1
-2.42497 1
-3.27441 1
-1.24713 1
-3.14616 1
-1.35692 1
-2.67127 1
-3.17987 1
-2.58327 1
-2.74902 1
-2.30251 1
-1.00635 1
-3.04002 1
-2.32472 1
-0.998958 1
-1.17077 1
-1.77401 1
-0.275444 1
-0.991815 1
-0.994294 1
0.28068 -1
-1.5463 1
-1.71738 1
-0.995869 1
-1.00012 1
-1.00527 1
-0.893809 1
-0.995849 1
-0.993649 1
-1.8295 1
-1.0006 1
-1.00784 1
-2.64703 1
-2.26265 1
-2.8413 1
-2.32402 1
-1.53177 1
-2.20616 1
-2.71826 1
-0.995006 1
-2.91745 1
-1.46286 1
-2.35784 1
-3.10809 1
-1.00279 1
-1.424 1
-2.19871 1
-1.59759 1
-2.2975 1
-1.00527 1
-2.03622 1
-1.17936 1
-1.00842 1
-1.83621 1
-1.00078 1
-2.14976 1
-1.55809 1
-2.88857 1
-2.538 1
-1.33723 1
-1.04954 1
-1.0052 1
-1.66964 1
-0.629046 1
-1.58425 1
-2.08796 1
-2.02339 1
-1.25522 1
-1.70217 1
-1.65493 1
-1.04895 1
-1.60598 1
-2.43919 1
-1.96865 1
-2.41122 1
-2.09886 1
-3.1092 1
-2.59273 1
-2.25253 1
-1.00374 1
-4.52731 1
-0.994669 1
-1.60632 1
-2.6485 1
-2.51788 1
-3.03584 1
-2.40743 1
-1.9884 1
-2.17649 1
-2.10413 1
-2.14198 1
-1.37573 1
-2.38535 1
-2.47654 1
-1.21779 1
-1.00163 1
-2.04612 1
-0.993399 1
-2.87096 1
-1.08071 1
-1.64627 1
-1.14269 1
-2.53181 1
-3.17299 1
-2.7246 1
-2.53142 1
-1.56566 1
-2.63239 1
-1.51572 1
-2.44197 1
-2.09679 1
-3.18534 1
-0.679503 1
-1.03485 1
-2.47176 1
-2.54102 1
-1.67722 1
-1.52515 1
-1.63582 1
-0.995679 1
-1.79652 1
-1.0047 1
-2.39717 1
-1.42979 1
-2.22132 1
-1.0049 1
-1.76605 1
-0.995173 1
-1.75845 1
-0.99759 1
-1.7719 1
-2.41777 1
-2.03504 1
-2.21464 1
-0.583111 1
1.54955 -1
2.52096 -1
2.07298 -1
2.12081 -1
3.54607 -1
2.19593 -1
3.14686 -1
3.52687 -1
2.03112 -1
2.12846 -1
1.91199 -1
2.4763 -1
0.58685 -1
0.998294 -1
0.366201 -1
2.18072 -1
1.35698 -1
0.651881 -1
1.4385 -1
0.996415 -1
2.62164 -1
2.44743 -1
1.34447 -1
2.22536 -1
1.00311 -1
0.994541 -1
1.00212 -1
1.99749 -1
1.25625 -1
1.6557 -1
3.31371 -1
1.79189 -1
2.13299 -1
2.33495 -1
2.23726 -1
2.39951 -1
3.24798 -1
3.391 -1
2.79857 -1
2.40585 -1
2.92258 -1
2.0658 -1
2.96424 -1
2.27495 -1
2.36318 -1
3.27972 -1
2.66141 -1
3.53603 -1
1.46925 -1
2.77366 -1
1.73084 -1
3.84861 -1
2.97791 -1
2.33323 -1
2.77604 -1
1.99663 -1
1.79604 -1
2.14345 -1
2.7106 -1
2.36051 -1
2.4014 -1
2.08063 -1
2.68947 -1
1.00679 -1
2.34916 -1
1.81823 -1
1.52953 -1
2.18908 -1
1.82203 -1
3.07502 -1
1.64688 -1
1.27712 -1
0.999562 -1
0.784628 -1
2.88213 -1
1.36729 -1
1.2925 -1
2.55369 -1
2.50859 -1
3.92637 -1
1.89937 -1
2.61712 -1
2.11964 -1
0.678202 -1
1.79212 -1
1.1257 -1
2.46623 -1
1.8916 -1
2.21962 -1
1.22062 -1
2.47441 -1
2.00605 -1
2.33065 -1
2.1039 -1
2.00484 -1
2.7732 -1
2.35633 -1
2.54442 -1
2.46212 -1
2.56445 -1
2.25466 -1
1.9074 -1
1.0044 -1
1.97718 -1
2.34817 -1
2.31721 -1
2.61599 -1
1.11751 -1
2.74276 -1
2.00513 -1
1.16326 -1
3.18783 -1
2.38026 -1
1.4963 -1
3.69111 -1
3.49857 -1
1.70186 -1
1.00487 -1
2.34205 -1
2.04267 -1
3.0265 -1
1.55436 -1
1.6418 -1
1.44217 -1
1.60125 -1
2.7826 -1
2.51055 -1
3.53023 -1
1.81169 -1
3.63127 -1
2.21811 -1
2.18476 -1
1.5267 -1
1.71591 -1
2.81848 -1
1.18201 -1
2.06698 -1
1.29301 -1
2.20517 -1
2.67204 -1
2.85923 -1
1.31165 -1
2.26063 -1
2.39474 -1
1.75016 -1
2.21231 -1
3.79072 -1
3.06162 -1
1.72685 -1
2.27325 -1
1.89489 -1
2.31646 -1
3.12371 -1
1.60133 -1
1.57136 -1
3.19332 -1
2.53942 -1
2.41222 -1
2.76629 -1
2.00829 -1
1.50589 -1
3.61493 -1
1.7232 -1
2.93876 -1
2.65383 -1
3.37178 -1
4.2105 -1
1.88666 -1
3.28857 -1
2.7298 -1
2.31142 -1
2.80079 -1
1.67073 -1
2.63378 -1
1.63938 -1
1.00147 -1
2.55228 -1
0.999273 -1
1.70188 -1
3.58309 -1
1.34479 -1
1.34634 -1
1.52942 -1
2.88268 -1
1.56189 -1
1.56005 -1
2.77556 -1
1.51266 -1
3.08625 -1
2.64678 -1
0.703061 -1
3.55363 -1
1.73114 -1
3.03876 -1
2.70469 -1
2.61062 -1
2.15998 -1
2.35166 -1
1.00377 -1
2.36955 -1
2.62096 -1
1.77142 -1
0.971126 -1
2.3477 -1
1.72223 -1
0.60023 -1
3.16697 -1
2.56197 -1
1.52419 -1
0.992221 -1
3.31456 -1
1.94721 -1
2.09922 -1
2.6863 -1
1.56923 -1
1.87703 -1
2.80908 -1
1.18281 -1
2.01344 -1
1.47957 -1
3.71594 -1
3.23766 -1
1.12652 -1
3.91786 -1
4.07464 -1
0.993415 -1
1.36678 -1
3.43839 -1
3.51835 -1
2.50456 -1
2.3211 -1
1.86662 -1
1.58658 -1
1.41584 -1
1.94244 -1
1.24131 -1
2.12424 -1
1.28277 -1
1.00632 -1
1.66386 -1
2.75387 -1
3.02728 -1
1.87599 -1
1.68313 -1
1.9008 -1
3.54814 -1
3.33216 -1
2.83767 -1
1.22348 -1
3.1502 -1
1.86865 -1
3.5966 -1
0.99151 -1
2.19245 -1
1.94526 -1
1.75065 -1
1.98647 -1
1.94613 -1
3.69002 -1
1.59721 -1
2.93784 -1
1.62009 -1
1.97432 -1
2.63107 -1
1.45995 -1
2.65575 -1
1.01142 -1
2.91868 -1
1.97104 -1
2.5709 -1
3.13503 -1
2.66326 -1
2.30766 -1
3.03765 -1
1.06249 -1
2.77263 -1
2.74715 -1
3.03132 -1
3.10785 -1
3.52503 -1
2.41515 -1
2.49326 -1
2.1252 -1
2.70975 -1
2.72597 -1
2.56834 -1
1.89386 -1
1.64947 -1
2.19722 -1
4.02896 -1
3.31023 -1
1.74473 -1
2.34373 -1
4.01551 -1
2.06069 -1
2.56433 -1
4.13702 -1
2.51349 -1
0.995788 -1
1.68155 -1
1.67434 -1
1.45515 -1
2.4251 -1
2.16134 -1
2.5902 -1
2.00007 -1
1.20712 -1
2.56135 -1
2.06659 -1
1.65255 -1
1.41973 -1
2.49393 -1
1.45867 -1
2.895 -1
1.93332 -1
2.73025 -1
1.8626 -1
2.13837 -1
1.8127 -1
2.75033 -1
3.72418 -1
2.56601 -1
1.90546 -1
3.05059 -1
3.18217 -1
1.08472 -1
1.00577 -1
1.21342 -1
1.83466 -1
2.85457 -1
2.05218 -1
1.85222 -1
1.60755 -1
2.15247 -1
2.19362 -1
2.14896 -1
2.00162 -1
2.90435 -1
1.03733 -1
2.30992 -1
1.64266 -1
2.04921 -1
2.45471 -1
1.35391 -1
3.62408 -1
3.2064 -1
4.42002 -1
1.1313 -1
3.66064 -1
2.92853 -1
1.0012 -1
3.13708 -1
1.43307 -1
3.22794 -1
2.01211 -1
2.50243 -1
2.66176 -1
3.35668 -1
2.58175 -1
2.76961 -1
0.83921 -1
1.00422 -1
1.17985 -1
1.40786 -1
1.73556 -1
1.51352 -1
1.96159 -1
3.82226 -1
1.56681 -1
0.995482 -1
2.74967 -1
2.00205 -1
2.75909 -1
0.998825 -1
2.58929 -1
1.02999 -1
0.645633 -1
3.21686 -1
2.47286 -1
4.08767 -1
1.90776 -1
1.94056 -1
1.18131 -1
5.11118 -1
3.94488 -1
1.39158 -1
3.66337 -1
2.96436 -1
1.68348 -1
1.91427 -1
1.96712 -1
3.35717 -1
2.03697 -1
1.71908 -1
1.00839 -1
3.31502 -1
1.68333 -1
1.73779 -1
2.30929 -1
2.98637 -1
2.57768 -1
1.00836 -1
1.78013 -1
1.33346 -1
1.1907 -1
1.36983 -1
1.24255 -1
1.81014 -1
1.89193 -1
1.71279 -1
0.952151 -1
1.35589 -1
2.67185 -1
2.32303 -1
2.67989 -1
2.04347 -1
1.13506 -1
2.8323 -1
2.59558 -1
1.9242 -1
1.25968 -1
1.26664 -1
2.24119 -1
3.22666 -1
2.47351 -1
3.34815 -1
2.43763 -1
2.7076 -1
3.49432 -1
1.81832 -1
3.16793 -1
2.01125 -1
2.50147 -1
2.52338 -1
2.83499 -1
3.8491 -1
3.12336 -1
1.4923 -1
2.04749 -1
1.66579 -1
2.61785 -1
2.34553 -1
1.73417 -1
2.01648 -1
2.13363 -1
1.53575 -1
1.5594 -1
1.00606 -1
2.73971 -1
1.96649 -1
2.26686 -1
2.30456 -1
1.51069 -1
1.2768 -1
2.72053 -1
1.07534 -1
1.97776 -1
3.90888 -1
2.76253 -1
2.09563 -1
2.78838 -1
3.75563 -1
2.55624 -1
1.59027 -1
2.36507 -1
2.28003 -1
3.41943 -1
1.22986 -1
3.71546 -1
3.37967 -1
2.84755 -1
2.44543 -1
2.38997 -1
3.32332 -1
1.25519 -1
3.05101 -1
1.90297 -1
3.07105 -1
1.9538 -1
3.76479 -1
1.0154 -1
2.69713 -1
1.85016 -1
3.91556 -1
1.32963 -1
1.43154 -1
3.95235 -1
2.71007 -1
3.92109 -1
4.36736 -1
2.69714 -1
1.16684 -1
1.44008 -1
2.43329 -1
1.77313 -1
1.54333 -1
1.70727 -1
2.24442 -1
0.997111 -1
1.58591 -1
1.60595 -1
1.95531 -1
1.00526 -1
2.30842 -1
3.74798 -1
3.66864 -1
2.13264 -1
3.99148 -1
1.25869 -1
1.89302 -1
1.48255 -1
1.48362 -1
1.7651 -1
3.7551 -1
2.46991 -1
2.96777 -1
3.71336 -1
1.71859 -1
2.3774 -1
1.4759 -1
1.25214 -1
2.38333 -1
2.38005 -1
1.61025 -1
2.53791 -1
1.0212 -1
2.48932 -1
2.45509 -1
1.77878 -1
2.50674 -1
1.99296 -1
2.09286 -1
2.0615 -1
2.59901 -1
1.65343 -1
1.00426 -1
1.46638 -1
1.81424 -1
1.00586 -1
0.995729 -1
1.8041 -1
2.12945 -1
1.92044 -1
0.999114 -1
2.05034 -1
2.56982 -1
1.00507 -1
1.639 -1
2.20424 -1
2.52489 -1
1.03714 -1
1.56589 -1
1.00979 -1
3.23343 -1
2.97969 -1
2.15704 -1
1.00592 -1
2.22153 -1
1.61851 -1
2.077 -1
1.49672 -1
2.93905 -1
2.46987 -1
2.67239 -1
3.26723 -1
2.54878 -1
3.58108 -1
1.67891 -1
2.35167 -1
2.58913 -1
2.56452 -1
1.663 -1
2.91384 -1
3.01418 -1
1.43429 -1
1.77625 -1
1.92408 -1
2.5794 -1
2.82575 -1
1.15075 -1
1.52079 -1
1.06177 -1
3.01336 -1
2.79903 -1
2.86314 -1
2.92321 -1
2.76419 -1
2.20831 -1
2.45886 -1
1.41345 -1
3.00854 -1
1.5348 -1
1.47354 -1
1.14221 -1
1.92182 -1
1.67009 -1
2.72028 -1
3.22395 -1
1.52407 -1
2.14826 -1
1.65582 -1
1.89209 -1
3.72407 -1
1.59946 -1
1.29228 -1
1.70343 -1
1.96421 -1
2.24531 -1
1.66421 -1
3.18683 -1
1.56689 -1
2.11654 -1
2.15283 -1
1.88521 -1
1.55946 -1
2.03646 -1
1.03615 -1
2.19705 -1
1.95395 -1
1.62184 -1
2.96943 -1
2.20115 -1
2.36015 -1
2.74017 -1
1.57156 -1
2.44174 -1
3.85593 -1
3.08988 -1
2.12898 -1
2.36707 -1
2.94105 -1
2.44789 -1
3.32456 -1
2.55427 -1
1.87889 -1
2.66216 -1
2.49803 -1
3.3212 -1
2.92466 -1
2.45209 -1
2.76835 -1
1.73403 -1
1.60813 -1
2.40697 -1
2.13377 -1
2.18883 -1
1.00241 -1
3.66956 -1
1.31478 -1
2.01731 -1
1.37972 -1
2.03392 -1
0.995138 -1
3.99733 -1
2.21276 -1
2.29855 -1
3.35646 -1
3.36416 -1
2.87815 -1
2.65781 -1
1.00851 -1
1.65094 -1
1.77323 -1
0.992219 -1
1.45392 -1
1.83641 -1
2.55811 -1
2.94856 -1
4.57045 -1
3.19251 -1
2.30624 -1
2.93751 -1
2.43134 -1
2.16113 -1
1.97036 -1
1.82902 -1
1.37245 -1
1.65893 -1
1.43846 -1
1.85154 -1
3.63026 -1
1.12996 -1
1.5879 -1
4.02447 -1
1.77917 -1
1.8085 -1
3.74158 -1
2.14228 -1
2.75181 -1
3.59337 -1
1.08696 -1
2.66977 -1
2.89457 -1
3.38673 -1
2.70931 -1
1.40031 -1
2.33906 -1
1.99267 -1
1.08606 -1
2.27843 -1
2.60942 -1
2.29525 -1
2.49858 -1
3.09916 -1
2.23539 -1
1.81925 -1
1.80935 -1
1.55435 -1
1.00449 -1
2.98042 -1
2.02166 -1
3.42387 -1
2.41824 -1
2.17057 -1
2.65019 -1
0.997147 -1
2.08361 -1
3.2148 -1
2.97441 -1
3.01248 -1
1.79496 -1
1.84664 -1
2.40978 -1
1.73087 -1
2.68208 -1
2.38028 -1
3.19676 -1
3.52059 -1
1.2953 -1
2.29482 -1
1.16604 -1
1.00343 -1
2.28857 -1
1.00537 -1
3.31129 -1
1.00473 -1
2.02141 -1
1.7554 -1
1.68906 -1
1.95719 -1
0.999193 -1
1.61554 -1
2.17717 -1
1.61034 -1
1.81553 -1
1.82535 -1
1.44904 -1
1.41009 -1
2.9909 -1
3.03398 -1
1.00617 -1
1.38912 -1
1.99934 -1
1.38739 -1
1.94913 -1
2.75357 -1
2.42318 -1
0.998247 -1
3.65523 -1
1.93265 -1
3.18331 -1
3.25831 -1
1.82972 -1
1.76494 -1
2.30581 -1
1.84044 -1
2.49467 -1
2.37905 -1
1.62596 -1
1.41027 -1
2.0963 -1
2.01512 -1
1.85441 -1
3.02251 -1
3.65935 -1
2.16488 -1
3.78439 -1
4.39335 -1
2.64598 -1
1.46554 -1
1.45198 -1
3.30834 -1
0.989902 -1
4.32026 -1
3.4437 -1
3.29032 -1
2.26309 -1
1.22493 -1
2.64709 -1
1.54708 -1
3.07533 -1
1.55449 -1
3.19992 -1
2.6977 -1
5.54128 -1
2.5956 -1
2.35173 -1
1.61119 -1
1.20097 -1
1.34372 -1
0.995373 -1
2.45487 -1
2.61247 -1
3.01833 -1
3.14033 -1
2.5169 -1
2.34634 -1
1.22687 -1
3.11483 -1
1.5882 -1
3.60747 -1
2.21617 -1
2.65432 -1
2.36261 -1
1.82847 -1
2.49539 -1
2.21279 -1
2.55876 -1
3.68069 -1
3.03218 -1
2.06769 -1
1.547 -1
1.69689 -1
1.00617 -1
2.16741 -1
2.02467 -1
1.76411 -1
2.27187 -1
1.50512 -1
2.76991 -1
2.05062 -1
2.37749 -1
1.97589 -1
2.41847 -1
2.22082 -1
1.83906 -1
2.06097 -1
3.85128 -1
1.564 -1
0.991496 -1
1.86624 -1
1.93128 -1
0.184471 -1
3.20421 -1
1.78025 -1
1.34888 -1
2.00219 -1
1.8026 -1
0.993724 -1
3.23915 -1
1.76032 -1
2.52862 -1
3.20765 -1
2.29029 -1
1.69655 -1
1.60512 -1
1.32915 -1
2.14803 -1
2.55179 -1
3.1253 -1
4.10381 -1
1.54871 -1
3.90402 -1
2.09631 -1
1.03676 -1
2.66843 -1
2.32516 -1
1.99317 -1
1.51354 -1
1.28643 -1
1.89819 -1
3.68087 -1
2.11978 -1
3.59656 -1
3.53135 -1
3.47103 -1
1.36071 -1
0.994688 -1
3.91791 -1
2.9483 -1
1.92241 -1
2.02167 -1
2.19581 -1
2.18204 -1
2.64987 -1
2.05068 -1
3.10088 -1
0.991903 -1
3.2874 -1
2.6902 -1
2.97349 -1
1.00469 -1
2.34503 -1
3.09074 -1
1.66882 -1
1.89852 -1
1.7763 -1
3.07579 -1
1.85707 -1
1.47805 -1
3.10373 -1
4.09025 -1
0.997307 -1
3.3281 -1
2.4937 -1
3.99688 -1
3.1938 -1
2.30372 -1
2.11259 -1
3.82918 -1
1.17963 -1
2.58966 -1
2.80827 -1
1.69367 -1
2.07953 -1
2.49076 -1
2.3689 -1
1.4229 -1
2.73184 -1
1.73276 -1
2.99524 -1
2.88868 -1
1.85711 -1
1.57414 -1
2.95177 -1
2.15209 -1
2.74082 -1
2.51196 -1
3.47699 -1
3.24437 -1
1.96321 -1
2.56257 -1
1.89261 -1
1.95748 -1
2.2525 -1
1.95599 -1
1.50228 -1
2.1626 -1
3.02052 -1
1.54153 -1
1.98603 -1
3.46506 -1
1.53714 -1
1.6672 -1
1.94423 -1
2.71577 -1
1.79742 -1
1.87305 -1
2.52451 -1
3.10704 -1
3.08321 -1
1.98074 -1
1.82951 -1
1.59835 -1
1.81636 -1
0.996026 -1
2.3393 -1
3.94357 -1
2.38283 -1
4.30955 -1
1.53511 -1
3.25496 -1
3.41542 -1
1.5604 -1
2.38192 -1
1.49925 -1
2.13118 -1
1.80947 -1
0.992777 -1
0.99195 -1
1.66524 -1
1.44701 -1
1.86555 -1
3.2847 -1
4.0188 -1
0.993771 -1
3.27943 -1
4.02111 -1
1.5026 -1
1.87932 -1
2.1863 -1
1.94769 -1
1.45018 -1
2.11043 -1
1.43268 -1
2.21991 -1
2.71224 -1
1.64825 -1
1.64585 -1
1.96477 -1
3.70856 -1
1.34001 -1
1.3306 -1
2.22299 -1
2.41094 -1
1.93283 -1
2.56306 -1
1.75744 -1
2.03149 -1
1.96459 -1
1.8 -1
2.29451 -1
1.92561 -1
1.85522 -1
2.11841 -1
1.6262 -1
1.37337 -1
1.49893 -1
1.92054 -1
1.80137 -1
1.90336 -1
1.80442 -1
1.01245 -1
2.03259 -1
1.63302 -1
1.00838 -1
2.0376 -1
1.13534 -1
1.51594 -1
1.83179 -1
2.19896 -1
1.26917 -1
1.96437 -1
1.90273 -1
2.30796 -1
1.42967 -1
1.11453 -1
1.07379 -1
1.86595 -1
1.98995 -1
1.49413 -1
2.12214 -1
1.93964 -1
1.89576 -1
1.57563 -1
2.11052 -1
2.41691 -1
2.1364 -1
1.8136 -1
1.88698 -1
1.79222 -1
2.75648 -1
2.49029 -1
2.89756 -1
3.29081 -1
3.09452 -1
2.37307 -1
1.83352 -1
1.79672 -1
1.43447 -1
1.59497 -1
2.01103 -1
1.63879 -1
2.4708 -1
3.5481 -1
1.77762 -1
1.00715 -1
2.78079 -1
1.76886 -1
1.71087 -1
2.19425 -1
1.54119 -1
1.31326 -1
1.96407 -1
2.4042 -1
1.29805 -1
2.829 -1
1.14487 -1
1.95481 -1
3.58218 -1
1.36807 -1
2.22325 -1
1.38966 -1
1.57442 -1
2.00044 -1
1.25739 -1
1.20707 -1
2.09668 -1
2.27311 -1
3.54762 -1
2.45046 -1
1.80519 -1
1.8958 -1
2.31268 -1
3.18753 -1
2.52198 -1
2.61486 -1
1.61269 -1
1.62684 -1
1.44935 -1
1.11339 -1
0.993747 -1
1.35236 -1
2.25801 -1
4.0308 -1
1.46036 -1
1.95223 -1
2.3662 -1
3.8227 -1
1.36476 -1
1.7936 -1
2.27412 -1
2.43208 -1
3.10894 -1
1.87555 -1
3.72309 -1
2.27462 -1
2.31436 -1
3.16138 -1
4.16725 -1
2.2136 -1
3.10814 -1
2.28373 -1
2.71398 -1
3.11569 -1
2.59661 -1
1.64925 -1
1.64654 -1
1.59191 -1
3.08512 -1
2.54701 -1
1.73053 -1
2.2937 -1
2.03121 -1
1.52578 -1
2.52804 -1
2.20967 -1
1.73239 -1
1.81194 -1
2.83553 -1
3.20521 -1
1.14663 -1
2.44061 -1
2.60282 -1
1.66188 -1
3.49255 -1
2.71487 -1
2.84737 -1
1.58717 -1
2.90582 -1
3.18523 -1
1.44615 -1
1.36431 -1
2.63959 -1
2.25975 -1
2.5172 -1
2.09946 -1
2.49097 -1
1.92812 -1
1.7284 -1
4.22252 -1
1.47819 -1
3.03264 -1
4.04473 -1
2.59576 -1
1.51691 -1
1.94316 -1
1.04868 -1
2.56038 -1
0.474711 -1
1.27265 -1
2.51167 -1
1.63042 -1
1.10885 -1
2.3198 -1
1.96404 -1
1.59117 -1
1.81038 -1
1.56214 -1
2.08992 -1
1.52445 -1
2.67413 -1
2.74166 -1
3.24723 -1
1.00054 -1
2.46204 -1
1.57294 -1
1.89992 -1
1.62696 -1
3.02104 -1
1.48848 -1
1.63087 -1
0.993914 -1
2.24775 -1
2.82109 -1
2.0294 -1
2.07199 -1
1.75982 -1
2.86334 -1
2.53518 -1
1.91945 -1
3.84661 -1
0.892469 -1
1.68835 -1
1.72829 -1
1.80519 -1
1.46932 -1
1.00844 -1
3.11513 -1
3.45297 -1
3.31265 -1
2.19675 -1
2.88521 -1
3.43401 -1
2.72585 -1
3.29252 -1
1.91897 -1
3.43554 -1
3.78096 -1
2.82907 -1
3.1459 -1
2.69481 -1
3.53706 -1
2.08674 -1
2.36467 -1
3.24661 -1
2.51169 -1
1.86011 -1
2.57807 -1
2.06087 -1
0.999216 -1
2.11546 -1
1.49658 -1
2.27025 -1
1.0073 -1
1.7405 -1
2.50114 -1
2.67967 -1
2.87864 -1
2.14218 -1
1.71068 -1
2.42698 -1
0.996883 -1
1.33584 -1
2.31766 -1
1.14801 -1
3.48288 -1
2.35118 -1
2.5284 -1
1.42232 -1
3.94983 -1
1.52726 -1
1.12234 -1
2.14666 -1
1.06974 -1
1.00259 -1
1.41865 -1
1.61208 -1
0.995067 -1
2.14181 -1
1.35635 -1
1.68466 -1
1.90337 -1
2.1217 -1
0.99988 -1
1.99565 -1
1.69678 -1
1.43481 -1
2.03497 -1
2.08877 -1
1.29449 -1
3.21408 -1
3.50785 -1
1.20319 -1
3.18141 -1
2.90676 -1
2.50867 -1
2.83132 -1
1.9933 -1
2.45333 -1
2.66231 -1
2.46965 -1
1.77632 -1
1.22077 -1
2.99279 -1
3.82051 -1
2.72472 -1
2.59072 -1
1.77155 -1
2.31044 -1
2.41468 -1
2.4247 -1
2.02438 -1
2.46939 -1
1.55029 -1
2.07116 -1
2.19474 -1
2.33675 -1
2.90145 -1
2.22562 -1
2.55384 -1
1.9733 -1
3.95237 -1
1.85458 -1
2.8679 -1
2.76363 -1
1.58724 -1
1.06767 -1
2.49015 -1
4.10742 -1
4.76791 -1
1.75168 -1
1.49792 -1
1.77523 -1
2.14513 -1
2.27402 -1
2.12402 -1
2.17628 -1
1.63697 -1
2.23436 -1
2.42819 -1
2.60965 -1
1.95883 -1
2.89606 -1
2.00782 -1
1.43855 -1
1.95428 -1
2.08362 -1
1.71533 -1
2.50698 -1
2.78323 -1
4.03151 -1
4.00646 -1
2.11354 -1
1.8713 -1
1.87392 -1
2.65456 -1
1.75988 -1
2.83084 -1
2.41756 -1
1.02475 -1
2.10565 -1
1.36387 -1
2.95916 -1
1.37314 -1
1.93113 -1
2.87797 -1
2.3253 -1
2.75856 -1
1.64256 -1
1.79255 -1
3.24325 -1
1.16901 -1
2.74874 -1
1.07346 -1
1.7317 -1
2.49098 -1
1.44378 -1
1.27567 -1
2.14357 -1
1.85833 -1
2.03361 -1
2.83867 -1
1.66796 -1
2.50662 -1
1.28588 -1
2.22912 -1
1.98971 -1
1.51187 -1
0.994489 -1
2.32918 -1
1.00253 -1
2.87387 -1
0.996631 -1
2.9021 -1
2.99727 -1
2.82777 -1
2.97216 -1
1.91477 -1
0.992519 -1
2.30921 -1
2.05448 -1
4.70467 -1
4.04499 -1
1.75337 -1
1.40661 -1
1.36061 -1
2.70437 -1
1.77267 -1
1.38045 -1
1.25642 -1
1.87037 -1
3.08386 -1
2.06862 -1
2.03852 -1
2.23662 -1
0.993421 -1
3.2265 -1
1.58851 -1
0.996257 -1
1.89368 -1
2.83567 -1
1.00404 -1
1.66911 -1
1.84574 -1
2.2528 -1
1.21531 -1
2.97441 -1
1.65788 -1
0.013512 -1
2.1077 -1
2.14348 -1
1.98926 -1
2.35098 -1
2.26582 -1
2.11702 -1
2.3607 -1
1.53548 -1
2.53533 -1
2.36602 -1
1.36663 -1
2.77912 -1
1.49891 -1
1.3806 -1
1.21954 -1
2.44898 -1
2.04345 -1
2.23994 -1
2.73187 -1
1.79746 -1
1.28914 -1
1.48728 -1
1.91261 -1
0.993463 -1
1.3851 -1
3.55277 -1
1.48417 -1
1.65211 -1
1.15058 -1
1.97728 -1
0.879511 -1
3.52938 -1
2.37681 -1
2.15048 -1
2.16119 -1
2.07275 -1
1.37576 -1
2.24816 -1
2.34159 -1
2.86217 -1
1.89874 -1
2.19815 -1
1.82256 -1
1.68805 -1
2.11079 -1
2.78176 -1
1.16817 -1
0.995713 -1
1.38687 -1
0.993187 -1
1.92821 -1
1.92107 -1
1.99372 -1
1.38962 -1
1.7749 -1
1.64728 -1
1.8884 -1
1.86239 -1
2.03871 -1
2.13498 -1
1.91034 -1
3.09114 -1
2.15161 -1
1.25033 -1
1.74848 -1
2.4538 -1
2.37314 -1
1.93989 -1
2.35985 -1
2.88748 -1
3.67543 -1
3.22296 -1
2.13365 -1
2.13082 -1
1.94373 -1
2.24119 -1
3.88463 -1
1.46734 -1
3.01765 -1
1.00135 -1
1.6423 -1
1.81674 -1
1.99077 -1
1.14484 -1
1.57174 -1
1.82816 -1
1.95501 -1
1.46437 -1
1.80075 -1
1.55027 -1
3.77331 -1
1.40866 -1
4.32513 -1
1.83558 -1
1.08611 -1
3.2479 -1
3.52945 -1
4.41032 -1
3.6841 -1
3.27846 -1
1.9047 -1
2.78303 -1
1.98844 -1
2.62255 -1
1.57101 -1
2.31495 -1
2.13659 -1
2.41065 -1
2.0068 -1
2.81134 -1
1.55657 -1
1.46779 -1
2.59605 -1
1.86961 -1
2.66973 -1
2.08171 -1
1.34104 -1
1.12409 -1
2.35451 -1
1.60004 -1
2.85826 -1
1.57758 -1
1.71935 -1
1.6429 -1
2.8887 -1
1.6106 -1
1.0059 -1
2.27439 -1
1.45413 -1
1.60569 -1
3.81454 -1
2.96986 -1
3.44938 -1
3.88364 -1
1.33942 -1
1.89412 -1
3.47396 -1
3.50017 -1
1.22889 -1
2.08167 -1
1.00181 -1
0.828072 -1
2.25811 -1
1.90595 -1
1.38681 -1
2.43858 -1
2.13151 -1
2.67548 -1
1.5294 -1
2.07684 -1
1.75947 -1
2.36031 -1
2.64753 -1
1.59606 -1
1.105 -1
2.16231 -1
2.245 -1
0.994575 -1
1.35131 -1
1.96326 -1
1.27955 -1
2.1745 -1
2.06772 -1
2.18888 -1
1.34658 -1
0.510083 -1
2.27462 -1
2.34017 -1
2.04661 -1
1.83823 -1
1.39427 -1
1.07199 -1
1.3259 -1
2.10287 -1
1.5175 -1
1.53176 -1
1.94567 -1
1.5643 -1
2.2735 -1
1.97778 -1
1.96809 -1
1.81088 -1
2.10485 -1
2.62156 -1
2.19233 -1
2.18631 -1
1.76033 -1
2.39716 -1
2.32387 -1
1.00585 -1
2.36204 -1
3.14962 -1
1.27706 -1
1.90583 -1
1.91297 -1
1.53863 -1
1.74818 -1
1.41771 -1
2.85006 -1
2.68762 -1
2.44639 -1
1.85639 -1
1.72305 -1
2.05789 -1
1.71923 -1
1.85593 -1
1.54447 -1
2.87813 -1
2.72839 -1
1.20618 -1
1.46349 -1
1.44598 -1
1.81407 -1
1.20128 -1
2.47337 -1
1.54422 -1
3.38128 -1
2.14063 -1
1.65889 -1
0.994799 -1
3.4495 -1
1.26439 -1
1.21781 -1
2.65691 -1
1.42248 -1
0.994721 -1
1.8162 -1
1.57825 -1
1.34987 -1
4.07868 -1
1.97428 -1
2.49465 -1
2.31751 -1
2.23162 -1
3.49643 -1
1.90016 -1
1.77543 -1
1.26628 -1
2.93985 -1
2.02566 -1
3.41897 -1
3.89214 -1
2.194 -1
2.45228 -1
2.62867 -1
4.29819 -1
2.23417 -1
4.13749 -1
1.02925 -1
1.77153 -1
1.73757 -1
1.6083 -1
1.9822 -1
2.39382 -1
3.65 -1
1.67861 -1
3.84326 -1
4.28605 -1
3.375 -1
2.43932 -1
2.7224 -1
2.39146 -1
3.26334 -1
1.76886 -1
3.31771 -1
1.98964 -1
3.33775 -1
3.83217 -1
2.71655 -1
2.53799 -1
3.66136 -1
3.64812 -1
2.43187 -1
2.65657 -1
1.36201 -1
2.27105 -1
2.06517 -1
2.37531 -1
3.21087 -1
2.99057 -1
3.59705 -1
1.67418 -1
3.21741 -1
3.08589 -1
3.27064 -1
1.19566 -1
3.77483 -1
2.48932 -1
2.57468 -1
2.07046 -1
3.0378 -1
2.77997 -1
1.82776 -1
1.82181 -1
3.5858 -1
2.32373 -1
1.47511 -1
2.87753 -1
2.37701 -1
1.49081 -1
2.26554 -1
2.51097 -1
3.18454 -1
3.10306 -1
3.2724 -1
2.977 -1
3.58174 -1
2.60134 -1
2.14822 -1
3.00712 -1
3.0353 -1
1.99091 -1
3.23543 -1
2.90806 -1
3.36004 -1
1.94679 -1
2.52929 -1
2.85733 -1
3.44584 -1
2.97868 -1
1.89497 -1
1.74821 -1
2.36599 -1
1.02315 -1
1.37899 -1
1.89609 -1
1.52379 -1
2.34261 -1
2.31819 -1
2.13591 -1
3.38654 -1
3.8873 -1
1.20559 -1
3.88851 -1
2.12615 -1
2.14462 -1
2.25243 -1
1.53202 -1
2.14601 -1
2.43248 -1
2.1499 -1
1.84478 -1
1.44512 -1
1.99129 -1
2.30506 -1
1.36555 -1
1.52895 -1
1.67934 -1
2.23924 -1
2.61547 -1
2.06621 -1
3.75127 -1
2.48847 -1
1.76923 -1
1.54018 -1
3.02752 -1
2.09438 -1
1.57997 -1
2.33261 -1
1.26011 -1
2.03723 -1
1.47796 -1
1.00732 -1
1.43351 -1
1.00659 -1
1.39435 -1
1.42816 -1
3.58596 -1
1.91235 -1
2.283 -1
1.28976 -1
2.76197 -1
2.26057 -1
1.94496 -1
1.55853 -1
1.06605 -1
1.33161 -1
2.78984 -1
1.92998 -1
1.71093 -1
1.81795 -1
2.53614 -1
2.4816 -1
1.04631 -1
2.68431 -1
2.86565 -1
2.24305 -1
2.35363 -1
1.3456 -1
2.50932 -1
1.44554 -1
2.53404 -1
2.30061 -1
2.69549 -1
1.05554 -1
2.89822 -1
1.59908 -1
2.37089 -1
1.69511 -1
2.10311 -1
1.20616 -1
2.2819 -1
2.76125 -1
2.87613 -1
2.41197 -1
1.91116 -1
1.18084 -1
0.992583 -1
1.74791 -1
1.53242 -1
1.39819 -1
0.993348 -1
3.0052 -1
2.40604 -1
1.72029 -1
1.11092 -1
2.52341 -1
1.2536 -1
2.12524 -1
1.54308 -1
1.15866 -1
1.84037 -1
1.1753 -1
2.34364 -1
3.96488 -1
1.33818 -1
1.82384 -1
1.67277 -1
1.25887 -1
1.59843 -1
2.00687 -1
0.997623 -1
1.08005 -1
1.25244 -1
1.43782 -1
1.80132 -1
3.07666 -1
1.46672 -1
1.41389 -1
2.62685 -1
3.34178 -1
2.23037 -1
2.64306 -1
1.60033 -1
1.55477 -1
1.03561 -1
1.46567 -1
2.59363 -1
2.19101 -1
2.26634 -1
2.32955 -1
1.14495 -1
1.0073 -1
2.2053 -1
2.00928 -1
2.53426 -1
1.73362 -1
1.48114 -1
1.99783 -1
1.40787 -1
3.95432 -1
2.8587 -1
1.18696 -1
1.84154 -1
1.33621 -1
1.94627 -1
1.00456 -1
4.32396 -1
2.67502 -1
1.50619 -1
0.833632 -1
1.47758 -1
1.24318 -1
1.00205 -1
1.00116 -1
1.36442 -1
1.58891 -1
1.67434 -1
1.75933 -1
2.16026 -1
2.31485 -1
2.02944 -1
1.39368 -1
1.73676 -1
3.36178 -1
1.78929 -1
1.00458 -1
2.4793 -1
2.65404 -1
2.64475 -1
4.21933 -1
1.18507 -1
2.0482 -1
2.08499 -1
1.93824 -1
2.21341 -1
1.54299 -1
2.20211 -1
1.19214 -1
3.17325 -1
1.52459 -1
3.58563 -1
1.72192 -1
0.488752 -1
1.00306 -1
4.10353 -1
1.54519 -1
1.00643 -1
1.59706 -1
1.51604 -1
1.64495 -1
3.7779 -1
1.78686 -1
3.31975 -1
2.04437 -1
2.29662 -1
2.04113 -1
1.19208 -1
3.3892 -1
3.56356 -1
1.61245 -1
2.3753 -1
2.34501 -1
1.3695 -1
2.7289 -1
3.2018 -1
0.995325 -1
1.89536 -1
0.432745 -1
1.66758 -1
1.73064 -1
1.67053 -1
1.56924 -1
2.88848 -1
3.25887 -1
2.61986 -1
3.475 -1
1.28 -1
3.85671 -1
1.00228 -1
1.47835 -1
2.94127 -1
0.949983 -1
0.912982 -1
3.01343 -1
2.16351 -1
2.06099 -1
0.991923 -1
2.05903 -1
1.31488 -1
1.19891 -1
2.20937 -1
2.33148 -1
1.71515 -1
1.46217 -1
1.72491 -1
1.80052 -1
1.66816 -1
1.94847 -1
1.90603 -1
3.92756 -1
1.458 -1
3.45076 -1
3.00876 -1
3.98411 -1
3.47484 -1
2.31838 -1
1.6614 -1
2.8759 -1
3.8035 -1
3.32933 -1
3.56173 -1
4.61146 -1
2.14738 -1
2.11108 -1
2.1986 -1
0.99803 -1
2.06871 -1
1.00431 -1
1.70092 -1
2.72671 -1
2.71772 -1
2.91365 -1
2.66325 -1
2.41469 -1
2.46459 -1
3.01433 -1
3.15738 -1
2.53724 -1
1.91899 -1
2.55771 -1
2.83493 -1
3.2648 -1
3.98626 -1
2.50528 -1
1.46833 -1
1.0056 -1
3.03163 -1
2.44985 -1
3.75368 -1
2.44687 -1
2.68952 -1
2.29094 -1
2.96662 -1
2.70679 -1
2.87303 -1
2.45556 -1
1.93153 -1
1.78677 -1
3.32941 -1
2.77129 -1
1.48158 -1
2.03499 -1
2.73177 -1
0.997582 -1
1.0025 -1
1.83099 -1
4.05613 -1
3.094 -1
2.52281 -1
1.00737 -1
2.05823 -1
1.80198 -1
1.80284 -1
2.18228 -1
0.992399 -1
1.89128 -1
1.75304 -1
2.55983 -1
1.043 -1
2.29961 -1
2.13421 -1
1.00445 -1
2.48491 -1
1.33132 -1
1.00163 -1
2.0334 -1
1.86311 -1
1.81847 -1
1.91148 -1
2.63858 -1
3.21081 -1
2.38238 -1
0.997746 -1
2.5643 -1
3.67842 -1
1.36917 -1
3.03027 -1
2.35513 -1
2.39243 -1
1.73047 -1
2.97143 -1
2.04625 -1
2.11168 -1
4.21895 -1
2.2177 -1
2.60363 -1
2.27442 -1
2.36545 -1
3.76363 -1
2.59783 -1
2.62137 -1
1.72262 -1
2.00349 -1
1.91187 -1
2.64447 -1
3.45579 -1
2.27326 -1
2.5215 -1
2.25385 -1
2.92669 -1
2.91068 -1
3.10125 -1
1.87262 -1
2.949 -1
3.75768 -1
3.56234 -1
1.77505 -1
2.82007 -1
3.90708 -1
2.04278 -1
2.10185 -1
2.25749 -1
1.77427 -1
1.21843 -1
1.73159 -1
2.27546 -1
1.80764 -1
1.63851 -1
1.88127 -1
1.89948 -1
1.70546 -1
2.45966 -1
2.22144 -1
1.49259 -1
2.5112 -1
2.88066 -1
2.10111 -1
1.46509 -1
2.41698 -1
2.12987 -1
1.80902 -1
1.94419 -1
2.36841 -1
2.76334 -1
2.30032 -1
2.02037 -1
2.33549 -1
2.14109 -1
1.05282 -1
2.65748 -1
1.10723 -1
2.14241 -1
1.88074 -1
2.17986 -1
1.80524 -1
1.00481 -1
1.79823 -1
1.68802 -1
1.00299 -1
2.53509 -1
3.33598 -1
3.10045 -1
3.92718 -1
2.39883 -1
2.51179 -1
1.80212 -1
3.35583 -1
2.6071 -1
3.75715 -1
2.18076 -1
2.37848 -1
2.57207 -1
2.22617 -1
3.15586 -1
1.9499 -1
1.8872 -1
2.84698 -1
2.82629 -1
2.81561 -1
2.34731 -1
1.97798 -1
1.36024 -1
1.66434 -1
1.37195 -1
2.77663 -1
1.83983 -1
3.02754 -1
2.175 -1
2.25953 -1
1.76432 -1
1.80438 -1
1.88811 -1
2.02666 -1
1.8891 -1
3.13937 -1
1.32186 -1
2.13109 -1
1.32954 -1
1.81235 -1
2.0119 -1
2.9419 -1
2.54661 -1
1.78169 -1
2.83994 -1
2.62227 -1
1.56833 -1
3.91097 -1
2.4352 -1
2.03975 -1
1.17477 -1
1.92238 -1
2.57412 -1
1.65201 -1
2.279 -1
1.90752 -1
2.03366 -1
2.40015 -1
3.14821 -1
1.48064 -1
1.58998 -1
2.4806 -1
3.22357 -1
3.09163 -1
2.87257 -1
2.48075 -1
2.5087 -1
1.80525 -1
2.20813 -1
1.75977 -1
2.15786 -1
1.07879 -1
2.1628 -1
1.49364 -1
2.55272 -1
1.31131 -1
1.94682 -1
2.78411 -1
3.13606 -1
2.09856 -1
2.04397 -1
1.8318 -1
1.58253 -1
1.47904 -1
1.86072 -1
1.00052 -1
2.07662 -1
1.49512 -1
1.5681 -1
1.62775 -1
2.04066 -1
2.67907 -1
1.75479 -1
1.85202 -1
1.56918 -1
2.15615 -1
1.02967 -1
2.85708 -1
1.71307 -1
1.88481 -1
2.17096 -1
2.02647 -1
1.81556 -1
1.14669 -1
0.996058 -1
2.61645 -1
2.10029 -1
2.73687 -1
1.44991 -1
2.87171 -1
1.37932 -1
1.52633 -1
1.78534 -1
1.38231 -1
1.11903 -1
0.998794 -1
1.79229 -1
1.00281 -1
3.78923 -1
1.98578 -1
3.03224 -1
2.65621 -1
2.12071 -1
1.4805 -1
3.43187 -1
0.996307 -1
2.89331 -1
1.7922 -1
3.18868 -1
1.25753 -1
0.993595 -1
0.996012 -1
2.73007 -1
1.74732 -1
1.11281 -1
1.51572 -1
1.27046 -1
1.73247 -1
3.2922 -1
2.60266 -1
2.26941 -1
1.00845 -1
1.85295 -1
2.95409 -1
2.322 -1
1.92262 -1
2.00606 -1
3.09627 -1
2.19633 -1
2.78153 -1
3.0988 -1
3.27275 -1
2.82869 -1
2.05263 -1
3.05619 -1
1.80599 -1
1.78174 -1
1.84585 -1
1.86602 -1
2.82857 -1
1.31593 -1
2.41296 -1
1.72159 -1
1.73696 -1
2.07332 -1
1.67812 -1
2.13287 -1
4.22984 -1
3.27039 -1
1.39961 -1
2.68935 -1
2.56877 -1
1.96787 -1
3.5034 -1
3.21493 -1
3.01809 -1
1.70912 -1
3.25066 -1
1.81617 -1
1.96271 -1
3.77499 -1
1.92234 -1
3.99568 -1
2.85681 -1
3.15134 -1
2.52595 -1
2.29258 -1
2.91297 -1
3.10732 -1
3.62627 -1
2.42094 -1
1.92949 -1
2.33129 -1
1.87835 -1
2.30947 -1
1.98631 -1
1.47422 -1
2.63489 -1
2.08165 -1
1.85656 -1
1.3438 -1
2.14686 -1
1.80609 -1
1.25946 -1
0.993234 -1
3.27111 -1
0.997207 -1
3.55642 -1
1.60651 -1
2.82979 -1
2.42252 -1
1.17825 -1
2.4072 -1
1.74611 -1
1.61202 -1
1.86817 -1
2.23512 -1
3.37432 -1
1.72953 -1
1.81735 -1
1.92459 -1
1.99426 -1
2.9783 -1
1.57948 -1
3.60005 -1
2.42961 -1
2.44024 -1
3.19225 -1
3.13016 -1
2.42703 -1
3.23321 -1
2.03069 -1
1.00194 -1
1.30212 -1
1.1542 -1
0.996682 -1
1.58736 -1
1.3219 -1
2.63304 -1
2.98753 -1
2.26393 -1
3.75978 -1
1.00337 -1
2.75175 -1
0.999681 -1
2.60227 -1
3.55246 -1
3.39223 -1
1.15747 -1
1.90833 -1
1.00177 -1
3.26391 -1
1.96398 -1
2.36628 -1
2.77674 -1
0.997703 -1
0.996819 -1
2.35737 -1
2.01934 -1
3.66735 -1
2.39274 -1
1.88072 -1
1.10568 -1
3.20806 -1
2.40968 -1
1.89948 -1
3.47121 -1
2.97339 -1
1.54832 -1
2.36602 -1
1.57747 -1
2.7131 -1
2.91702 -1
4.52164 -1
2.49447 -1
1.43684 -1
2.31387 -1
2.21453 -1
1.00112 -1
2.00812 -1
2.28122 -1
1.78282 -1
3.367 -1
2.53007 -1
1.85055 -1
1.68221 -1
3.09574 -1
3.18581 -1
1.15865 -1
1.94376 -1
3.82366 -1
3.10539 -1
3.24208 -1
3.5206 -1
2.30497 -1
2.10933 -1
4.53074 -1
3.91438 -1
2.36706 -1
2.76352 -1
1.97202 -1
2.02235 -1
2.07206 -1
1.52932 -1
2.42081 -1
2.65236 -1
2.45445 -1
2.32898 -1
2.45266 -1
2.24169 -1
2.41933 -1
2.91514 -1
2.05373 -1
1.60358 -1
2.90635 -1
1.94496 -1
2.97573 -1
3.15941 -1
2.52843 -1
4.52889 -1
1.46263 -1
2.71462 -1
1.73596 -1
1.75767 -1
2.07637 -1
2.5482 -1
2.23671 -1
2.56142 -1
2.09145 -1
3.9748 -1
3.13043 -1
2.57354 -1
1.96778 -1
1.95281 -1
2.20165 -1
1.28436 -1
2.21701 -1
2.50396 -1
2.78038 -1
2.18979 -1
2.59381 -1
3.723 -1
2.14546 -1
3.35159 -1
2.98729 -1
4.38221 -1
4.48048 -1
1.72001 -1
3.33222 -1
3.21724 -1
3.32234 -1
4.00228 -1
1.73902 -1
1.39605 -1
3.9651 -1
1.87603 -1
2.58579 -1
2.28403 -1
2.49161 -1
3.9415 -1
2.17225 -1
1.68838 -1
2.21193 -1
2.5715 -1
2.77005 -1
3.01307 -1
2.80524 -1
2.55501 -1
2.63437 -1
2.60138 -1
1.67633 -1
2.44464 -1
1.76973 -1
0.997478 -1
2.82611 -1
1.0583 -1
1.89189 -1
0.991048 -1
1.81959 -1
2.29912 -1
1.56776 -1
1.71059 -1
1.22812 -1
1.41753 -1
2.6946 -1
1.777 -1
2.20334 -1
2.75268 -1
1.56969 -1
1.19481 -1
2.5573 -1
2.98837 -1
1.5023 -1
2.57982 -1
1.00545 -1
2.10765 -1
2.03557 -1
2.12074 -1
1.6911 -1
1.63875 -1
2.08132 -1
2.29977 -1
1.79234 -1
1.59112 -1
1.08775 -1
1.87142 -1
2.40405 -1
2.27829 -1
2.65888 -1
2.26341 -1
2.03554 -1
2.33853 -1
2.95562 -1
2.83689 -1
2.54969 -1
2.75329 -1
2.14868 -1
2.81823 -1
3.65426 -1
3.43358 -1
2.20828 -1
1.98013 -1
2.14004 -1
2.72075 -1
1.77379 -1
3.28996 -1
2.59431 -1
3.41311 -1
2.86376 -1
2.92916 -1
3.40725 -1
3.36954 -1
1.36321 -1
4.0785 -1
2.9461 -1
1.68733 -1
3.6087 -1
3.23308 -1
1.82195 -1
1.9281 -1
3.62983 -1
2.39218 -1
2.5739 -1
3.15322 -1
2.09189 -1
2.7941 -1
3.1305 -1
1.6716 -1
1.26268 -1
2.22663 -1
1.86461 -1
2.09974 -1
3.28966 -1
2.72522 -1
2.67508 -1
2.1195 -1
3.20883 -1
1.69252 -1
2.21315 -1
2.42218 -1
1.27428 -1
3.04579 -1
2.48817 -1
3.36521 -1
3.38009 -1
2.71423 -1
1.73537 -1
3.06252 -1
3.43738 -1
1.74659 -1
2.44645 -1
3.27504 -1
3.08169 -1
3.22666 -1
2.61898 -1
2.09653 -1
2.36335 -1
2.33381 -1
3.12864 -1
3.49898 -1
2.49772 -1
1.60771 -1
2.16091 -1
1.01009 -1
2.27234 -1
0.994607 -1
2.60795 -1
1.41274 -1
2.33863 -1
1.76919 -1
1.26018 -1
2.11373 -1
1.38181 -1
1.67745 -1
1.47753 -1
1.5753 -1
1.67643 -1
1.43172 -1
1.00599 -1
1.68848 -1
1.69967 -1
1.81696 -1
1.21347 -1
1.35788 -1
2.62471 -1
2.11218 -1
1.89604 -1
1.91811 -1
1.67 -1
1.28158 -1
1.71179 -1
3.52437 -1
1.23734 -1
1.87745 -1
3.78859 -1
1.52956 -1
1.97586 -1
2.30173 -1
1.36906 -1
1.87699 -1
1.16898 -1
1.78861 -1
1.95768 -1
1.46079 -1
1.91882 -1
0.99618 -1
2.4564 -1
2.74665 -1
2.21005 -1
2.23103 -1
1.27445 -1
1.8457 -1
1.96045 -1
1.67148 -1
2.12485 -1
1.1825 -1
1.75126 -1
2.6811 -1
1.08994 -1
1.09838 -1
2.02889 -1
1.77897 -1
2.09902 -1
1.65097 -1
1.84866 -1
1.55829 -1
2.13358 -1
1.76394 -1
1.48213 -1
1.73164 -1
1.016 -1
1.49299 -1
1.63302 -1
2.26515 -1
1.49026 -1
1.81861 -1
2.67335 -1
1.4629 -1
2.51273 -1
1.74632 -1
1.89097 -1
2.80258 -1
1.88787 -1
1.68162 -1
2.21212 -1
1.86808 -1
2.63801 -1
2.94764 -1
2.65131 -1
3.06094 -1
2.24661 -1
2.18576 -1
3.51217 -1
2.10321 -1
2.52065 -1
1.92299 -1
2.43457 -1
3.58409 -1
2.292 -1
3.01198 -1
1.00429 -1
2.58613 -1
2.52652 -1
2.97957 -1
2.24178 -1
4.10589 -1
1.83257 -1
2.88907 -1
3.64916 -1
2.04152 -1
2.18472 -1
1.237 -1
2.73845 -1
3.16165 -1
2.73332 -1
1.40317 -1
2.08675 -1
1.24484 -1
2.45896 -1
1.75227 -1
3.51608 -1
3.69968 -1
3.93356 -1
2.62737 -1
1.85958 -1
3.65347 -1
3.77313 -1
2.05882 -1
2.17549 -1
3.28354 -1
1.84417 -1
0.994382 -1
1.34532 -1
1.76504 -1
2.54512 -1
2.36524 -1
1.27875 -1
1.59654 -1
1.69524 -1
1.90588 -1
0.994886 -1
1.36261 -1
1.38738 -1
1.49843 -1
2.80984 -1
2.55425 -1
2.08281 -1
3.74527 -1
0.668581 -1
1.16973 -1
1.89559 -1
1.70878 -1
4.15399 -1
3.52497 -1
3.36474 -1
2.93896 -1
2.30499 -1
3.7878 -1
3.24428 -1
4.55027 -1
1.78724 -1
1.98436 -1
1.73367 -1
1.37262 -1
2.14435 -1
2.94857 -1
2.13839 -1
1.68794 -1
2.56752 -1
2.1023 -1
1.6855 -1
2.99186 -1
1.23455 -1
1.82293 -1
1.57517 -1
0.994011 -1
1.87138 -1
2.2404 -1
2.95917 -1
1.74228 -1
2.31978 -1
2.34766 -1
2.12012 -1
1.83416 -1
2.03432 -1
2.14581 -1
1.67485 -1
1.54009 -1
1.00588 -1
1.97386 -1
2.73831 -1
1.41112 -1
0.996245 -1
2.14259 -1
4.1602 -1
2.05741 -1
2.65943 -1
1.38301 -1
4.58029 -1
3.10859 -1
1.84026 -1
2.61249 -1
2.30696 -1
1.59314 -1
2.01522 -1
1.62798 -1
2.1503 -1
3.05372 -1
2.57876 -1
2.22719 -1
2.38209 -1
0.994542 -1
0.870153 -1
2.35434 -1
1.03688 -1
1.80513 -1
1.45088 -1
2.3715 -1
1.39153 -1
1.00922 -1
1.56464 -1
1.32717 -1
1.446 -1
2.73964 -1
3.91012 -1
1.21035 -1
1.43089 -1
2.65149 -1
1.53559 -1
1.68494 -1
3.01513 -1
2.64647 -1
1.55954 -1
2.94082 -1
3.26977 -1
2.99511 -1
3.33948 -1
3.10188 -1
2.77288 -1
3.6183 -1
3.25023 -1
2.77105 -1
1.86692 -1
1.44538 -1
1.77318 -1
1.943 -1
2.55125 -1
2.25657 -1
2.79816 -1
3.17838 -1
1.58806 -1
2.6785 -1
1.98666 -1
2.28756 -1
1.00583 -1
3.83142 -1
3.96648 -1
2.4653 -1
1.08281 -1
1.35167 -1
1.56203 -1
1.99479 -1
1.23976 -1
1.66633 -1
2.59405 -1
2.67128 -1
2.52845 -1
1.06942 -1
2.98604 -1
4.51256 -1
3.18509 -1
1.17194 -1
2.28689 -1
2.77974 -1
3.10744 -1
1.63577 -1
2.57208 -1
2.55552 -1
2.30233 -1
2.18896 -1
3.57746 -1
1.88098 -1
1.01015 -1
1.32598 -1
1.37459 -1
3.14927 -1
2.26298 -1
2.34989 -1
1.59415 -1
1.02851 -1
1.38406 -1
2.95264 -1
0.968557 -1
1.26221 -1
1.59998 -1
1.50824 -1
1.76293 -1
2.7204 -1
1.00634 -1
2.08932 -1
2.42035 -1
1.50686 -1
1.69056 -1
1.13073 -1
1.53339 -1
1.41027 -1
1.34614 -1
1.71227 -1
2.09645 -1
2.19348 -1
1.90292 -1
1.76678 -1
3.74728 -1
3.03994 -1
2.52636 -1
2.64041 -1
3.77754 -1
3.27574 -1
4.06468 -1
3.70751 -1
3.64663 -1
1.64906 -1
2.15217 -1
2.53239 -1
1.98537 -1
3.00281 -1
2.58346 -1
3.60154 -1
3.04259 -1
3.03071 -1
2.10788 -1
3.41964 -1
2.33496 -1
2.52433 -1
0.997538 -1
2.25306 -1
2.82142 -1
3.94143 -1
1.51615 -1
1.74489 -1
3.24341 -1
2.58083 -1
2.50125 -1
3.065 -1
2.24856 -1
2.16566 -1
2.15139 -1
3.41869 -1
1.80033 -1
3.05792 -1
1.15536 -1
3.98932 -1
0.99677 -1
2.40527 -1
2.44647 -1
3.34346 -1
3.8247 -1
3.2977 -1
3.07579 -1
1.00733 -1
0.995497 -1
0.304717 -1
2.6502 -1
2.8391 -1
1.96106 -1
2.01859 -1
3.26902 -1
1.87157 -1
1.1487 -1
1.12392 -1
2.60043 -1
3.76926 -1
3.04347 -1
1.6287 -1
3.07399 -1
2.23496 -1
1.9567 -1
1.46595 -1
1.49675 -1
1.6432 -1
1.44513 -1
1.07613 -1
1.26638 -1
1.89934 -1
1.95936 -1
2.38873 -1
2.05251 -1
1.39761 -1
1.77783 -1
2.71626 -1
2.25893 -1
3.5706 -1
2.19348 -1
3.49905 -1
1.00414 -1
2.79229 -1
2.1343 -1
1.24616 -1
2.78879 -1
1.11677 -1
1.00383 -1
1.93603 -1
3.52982 -1
1.44025 -1
1.93034 -1
3.13603 -1
1.65887 -1
2.96412 -1
2.52582 -1
2.2792 -1
1.40002 -1
1.69726 -1
2.38279 -1
2.75312 -1
2.32289 -1
1.2318 -1
2.2932 -1
1.71421 -1
1.64736 -1
3.2808 -1
1.38979 -1
1.73348 -1
1.67231 -1
1.68805 -1
1.32559 -1
0.620069 -1
2.42457 -1
2.33977 -1
0.99437 -1
1.79394 -1
1.4965 -1
1.85623 -1
1.4171 -1
1.64683 -1
1.09353 -1
2.53879 -1
1.88713 -1
2.6835 -1
1.87625 -1
3.11554 -1
2.84478 -1
1.32241 -1
1.43662 -1
2.77598 -1
1.82167 -1
2.43357 -1
1.63037 -1
2.47569 -1
1.74955 -1
1.86092 -1
1.10541 -1
0.994247 -1
2.54074 -1
2.62674 -1
3.88387 -1
2.31978 -1
1.87441 -1
1.66157 -1
1.5138 -1
3.04282 -1
2.4782 -1
1.70076 -1
2.6687 -1
2.18268 -1
2.54689 -1
1.52597 -1
1.23207 -1
2.0822 -1
1.77837 -1
2.24387 -1
2.06857 -1
2.22134 -1
1.64041 -1
1.95274 -1
2.00308 -1
2.089 -1
1.26385 -1
1.89098 -1
2.45453 -1
1.51078 -1
1.80805 -1
1.94981 -1
1.44699 -1
2.41392 -1
1.92734 -1
2.32998 -1
1.95068 -1
2.27786 -1
2.15369 -1
2.29505 -1
2.57213 -1
4.28013 -1
2.31302 -1
1.32802 -1
1.0784 -1
1.58986 -1
2.50648 -1
2.15357 -1
2.23176 -1
1.00167 -1
1.24035 -1
2.8727 -1
2.16652 -1
1.83878 -1
2.0308 -1
1.77949 -1
1.82378 -1
1.75934 -1
2.02385 -1
2.22783 -1
1.90368 -1
1.64133 -1
2.20163 -1
3.19109 -1
2.30801 -1
1.24207 -1
1.38419 -1
3.2409 -1
2.59975 -1
1.50492 -1
2.6798 -1
2.67348 -1
1.75307 -1
1.33157 -1
1.86601 -1
1.2853 -1
1.76516 -1
1.48965 -1
0.995263 -1
3.2074 -1
2.7924 -1
2.18558 -1
1.00323 -1
2.17742 -1
1.46137 -1
1.00721 -1
3.32246 -1
2.87944 -1
4.10948 -1
1.86642 -1
2.7782 -1
2.25669 -1
2.08707 -1
2.30702 -1
1.6198 -1
1.81055 -1
2.06688 -1
2.31589 -1
2.70542 -1
1.63193 -1
2.3347 -1
1.84147 -1
2.0818 -1
2.13692 -1
1.002 -1
1.83368 -1
1.68134 -1
1.5902 -1
2 -1
1.77111 -1
2.24535 -1
2.62971 -1
2.51641 -1
3.0398 -1
1.80749 -1
1.39396 -1
1.55408 -1
2.68401 -1
2.01229 -1
2.81942 -1
2.1072 -1
1.80058 -1
2.46332 -1
3.10941 -1
1.50817 -1
1.92155 -1
2.7425 -1
1.86933 -1
2.6541 -1
1.28373 -1
1.78211 -1
2.05906 -1
2.53538 -1
1.82688 -1
2.17302 -1
2.24037 -1
3.43553 -1
2.88201 -1
2.7043 -1
2.52241 -1
1.38007 -1
2.04582 -1
2.26453 -1
1.48128 -1
2.31878 -1
1.62613 -1
1.85528 -1
1.54167 -1
1.88218 -1
3.04693 -1
1.89231 -1
0.996481 -1
1.2327 -1
2.15279 -1
1.00587 -1
2.16231 -1
2.40589 -1
2.58832 -1
1.89714 -1
2.36475 -1
1.49335 -1
1.07687 -1
2.34577 -1
0.992675 -1
1.24049 -1
1.70794 -1
1.96564 -1
1.00265 -1
1.40026 -1
1.00582 -1
0.994296 -1
1.86932 -1
1.09674 -1
2.63822 -1
1.20506 -1
1.12685 -1
1.86694 -1
1.53486 -1
1.93418 -1
2.81587 -1
3.0174 -1
1.00375 -1
1.57789 -1
1.00348 -1
2.07085 -1
1.25209 -1
1.30222 -1
2.20882 -1
2.5855 -1
2.29012 -1
2.55585 -1
2.031 -1
1.43161 -1
2.07591 -1
1.00081 -1
1.0069 -1
2.11681 -1
1.26978 -1
1.98378 -1
3.40708 -1
2.61039 -1
1.65315 -1
2.59965 -1
2.07134 -1
1.10374 -1
1.88294 -1
1.89284 -1
1.72703 -1
2.16309 -1
1.9481 -1
1.00279 -1
1.00033 -1
1.42651 -1
1.12804 -1
2.36283 -1
2.13727 -1
1.43381 -1
1.54333 -1
1.92121 -1
2.6597 -1
3.27941 -1
2.52135 -1
2.72838 -1
1.87547 -1
2.37232 -1
1.95844 -1
1.5429 -1
1.7861 -1
2.44475 -1
1.70881 -1
2.34474 -1
1.33874 -1
2.23148 -1
2.27718 -1
2.13351 -1
1.78465 -1
1.00244 -1
0.759418 -1
1.69442 -1
1.44218 -1
2.17974 -1
2.24573 -1
1.97521 -1
2.0412 -1
1.99699 -1
1.86708 -1
1.00536 -1
2.00581 -1
2.41767 -1
2.23309 -1
2.1673 -1
1.57071 -1
2.19101 -1
1.78342 -1
2.04364 -1
1.37125 -1
2.01727 -1
1.25822 -1
1.5493 -1
2.39437 -1
1.68328 -1
1.95763 -1
2.87687 -1
1.41768 -1
1.81195 -1
1.65743 -1
1.33287 -1
1.00168 -1
3.09557 -1
3.07813 -1
2.0099 -1
1.67663 -1
2.2166 -1
1.34438 -1
1.83712 -1
1.21594 -1
2.08283 -1
2.1154 -1
2.75049 -1
1.9748 -1
2.02412 -1
2.83437 -1
2.06387 -1
1.69127 -1
1.49064 -1
1.86843 -1
2.99825 -1
1.51387 -1
2.04349 -1
2.40207 -1
0.996945 -1
3.11817 -1
1.69043 -1
1.87675 -1
2.73206 -1
1.34587 -1
1.73448 -1
1.21222 -1
1.12271 -1
2.31088 -1
1.77422 -1
1.09529 -1
2.13002 -1
2.20872 -1
0.991944 -1
1.71293 -1
1.20306 -1
1.82974 -1
1.46924 -1
1.65088 -1
1.93797 -1
1.92564 -1
2.00975 -1
2.08675 -1
1.89326 -1
1.36338 -1
1.49047 -1
2.66746 -1
2.76222 -1
1.72369 -1
1.52476 -1
2.07665 -1
1.07615 -1
1.00961 -1
1.68458 -1
2.52695 -1
2.13574 -1
1.45201 -1
1.99768 -1
1.66404 -1
2.52385 -1
1.48279 -1
2.36902 -1
1.35891 -1
1.35736 -1
2.32577 -1
1.62625 -1
1.67044 -1
2.38779 -1
2.10652 -1
1.59327 -1
1.23005 -1
1.79052 -1
1.84165 -1
1.89164 -1
2.77736 -1
2.28731 -1
2.61461 -1
1.8638 -1
2.16933 -1
2.66813 -1
1.64793 -1
1.62842 -1
2.24468 -1
0.997214 -1
1.44469 -1
2.3827 -1
1.00568 -1
1.07375 -1
1.45874 -1
1.60657 -1
1.28004 -1
2.29974 -1
1.8207 -1
1.97023 -1
2.77463 -1
1.51038 -1
1.57799 -1
2.29275 -1
2.3198 -1
1.76096 -1
2.35826 -1
1.17796 -1
1.50296 -1
1.63159 -1
0.998238 -1
2.11987 -1
2.06295 -1
1.98988 -1
2.49146 -1
1.56976 -1
1.60968 -1
1.22487 -1
2.05005 -1
1.53542 -1
1.35027 -1
2.10747 -1
1.52496 -1
1.65288 -1
1.71776 -1
1.7565 -1
1.4261 -1
1.71226 -1
2.4 -1
1.39646 -1
2.27942 -1
2.24525 -1
1.41031 -1
2.11335 -1
2.00856 -1
1.88523 -1
2.02697 -1
1.61865 -1
1.04554 -1
1.55223 -1
2.09115 -1
1.36191 -1
1.31047 -1
2.49719 -1
1.85042 -1
1.81696 -1
2.21555 -1
1.74828 -1
1.49596 -1
1.82542 -1
1.05383 -1
1.58406 -1
1.63733 -1
1.98772 -1
1.55702 -1
2.25412 -1
1.8093 -1
1.65807 -1
1.56293 -1
2.00491 -1
1.62307 -1
1.76188 -1
1.84786 -1
1.81487 -1
1.43169 -1
1.71611 -1
2.2292 -1
3.04713 -1
2.30879 -1
2.10038 -1
1.7295 -1
3.34564 -1
3.35513 -1
2.52667 -1
1.09515 -1
2.02692 -1
1.46503 -1
1.60875 -1
1.43394 -1
2.161 -1
1.67652 -1
1.88937 -1
2.10973 -1
2.09982 -1
2.21764 -1
2.52357 -1
1.62461 -1
1.72515 -1
1.10025 -1
1.91331 -1
1.97976 -1
2.07034 -1
2.29851 -1
0.893063 -1
1.80044 -1
1.39406 -1
1.9097 -1
2.03249 -1
1.70641 -1
1.90217 -1
1.69847 -1
2.64373 -1
1.62961 -1
2.09983 -1
1.45365 -1
1.76194 -1
1.54483 -1
2.1577 -1
2.33512 -1
1.33672 -1
2.35977 -1
2.11425 -1
2.78087 -1
2.00744 -1
1.51239 -1
1.40705 -1
2.41403 -1
1.68416 -1
2.17712 -1
1.10918 -1
2.35452 -1
2.06528 -1
2.14786 -1
0.998572 -1
1.19064 -1
1.7833 -1
1.77207 -1
1.00376 -1
1.43941 -1
1.76677 -1
2.10286 -1
1.24802 -1
1.74243 -1
1.18112 -1
2.34114 -1
2.39543 -1
2.3876 -1
1.1023 -1
2.4277 -1
2.37097 -1
1.9057 -1
1.61836 -1
1.94524 -1
1.44378 -1
0.99431 -1
1.97283 -1
1.67599 -1
1.40603 -1
1.61542 -1
1.45603 -1
0.996679 -1
2.23447 -1
1.73091 -1
2.18099 -1
1.00466 -1
2.625 -1
1.14345 -1
1.44412 -1
1.28905 -1
2.49771 -1
2.30595 -1
1.57536 -1
2.04234 -1
2.09575 -1
2.77847 -1
0.991172 -1
1.90851 -1
1.96788 -1
2.04001 -1
1.94576 -1
2.69719 -1
2.28504 -1
1.43407 -1
2.60682 -1
2.70797 -1
2.43479 -1
1.78623 -1
1.98806 -1
2.4045 -1
1.7962 -1
2.6238 -1
2.03884 -1
2.19857 -1
1.00587 -1
2.9018 -1
1.28507 -1
0.879778 -1
1.3901 -1
1.72359 -1
1.095 -1
1.96702 -1
1.46738 -1
1.57311 -1
1.50991 -1
1.68934 -1
1.54872 -1
1.35569 -1
1.16925 -1
2.03006 -1
2.32777 -1
1.73786 -1
1.52363 -1
1.75061 -1
1.65169 -1
1.28781 -1
1.88152 -1
2.09227 -1
2.04701 -1
1.73528 -1
2.36512 -1
2.76643 -1
1.17403 -1
1.45321 -1
1.83585 -1
1.51754 -1
2.11664 -1
1.50185 -1
2.06071 -1
1.87022 -1
1.02551 -1
2.28523 -1
2.32537 -1
0.254025 -1
1.79722 -1
2.25749 -1
1.77826 -1
1.55385 -1
1.34906 -1
1.8388 -1
2.03112 -1
1.91751 -1
2.15412 -1
1.49997 -1
1.35702 -1
1.79469 -1
1.79225 -1
1.60669 -1
1.70656 -1
1.20163 -1
2.94125 -1
1.91016 -1
1.8 -1
1.17734 -1
1.41661 -1
1.09802 -1
2.06194 -1
2.03684 -1
1.23981 -1
1.40442 -1
2.62505 -1
1.60255 -1
1.55384 -1
1.1365 -1
1.96216 -1
1.82094 -1
1.50199 -1
0.974915 -1
2.17129 -1
2.11292 -1
1.58574 -1
1.5933 -1
2.12567 -1
1.80196 -1
1.55152 -1
1.8488 -1
1.67038 -1
2.30676 -1
2.4154 -1
1.93741 -1
2.44503 -1
2.20915 -1
1.89566 -1
3.07474 -1
3.24321 -1
3.45862 -1
3.95132 -1
2.59531 -1
2.95232 -1
1.01766 -1
2.26379 -1
1.88124 -1
1.7561 -1
0.993284 -1
1.56923 -1
1.64393 -1
2.71655 -1
1.98356 -1
2.53746 -1
2.25463 -1
3.64439 -1
2.69434 -1
1.33765 -1
2.06027 -1
1.95851 -1
2.49595 -1
4.28027 -1
3.13581 -1
2.90244 -1
2.63186 -1
2.66791 -1
1.80156 -1
3.51191 -1
2.89127 -1
2.24306 -1
3.35404 -1
3.48734 -1
3.96022 -1
2.81778 -1
1.40065 -1
2.02629 -1
0.99622 -1
1.53165 -1
3.8761 -1
2.3169 -1
1.11526 -1
2.55617 -1
1.30241 -1
3.60843 -1
2.25443 -1
2.02126 -1
1.97979 -1
2.5686 -1
2.97512 -1
2.67866 -1
0.99436 -1
1.93301 -1
1.34333 -1
0.998097 -1
1.81359 -1
1.18584 -1
1.38942 -1
2.14832 -1
1.49236 -1
1.36521 -1
2.53923 -1
2.44953 -1
2.24863 -1
2.07231 -1
2.38177 -1
1.05558 -1
2.54934 -1
3.10883 -1
1.92144 -1
1.94664 -1
1.3046 -1
1.53514 -1
2.48778 -1
3.02306 -1
2.22307 -1
1.96067 -1
1.34426 -1
0.996587 -1
2.07754 -1
2.66904 -1
2.8159 -1
1.16835 -1
1.60204 -1
3.24214 -1
2.05606 -1
2.01668 -1
2.0074 -1
1.53171 -1
1.42609 -1
1.66219 -1
0.996785 -1
1.95224 -1
1.79805 -1
1.4197 -1
1.61144 -1
1.24059 -1
0.995012 -1
1.28162 -1
2.91963 -1
1.35635 -1
0.994945 -1
3.49661 -1
1.00788 -1
1.81185 -1
3.30167 -1
1.96716 -1
1.65663 -1
3.3406 -1
2.17283 -1
1.95001 -1
3.07222 -1
3.51502 -1
1.6793 -1
1.31846 -1
2.22022 -1
3.25728 -1
0.544743 -1
1.00893 -1
1.71792 -1
2.8036 -1
1.36378 -1
1.60508 -1
1.75698 -1
2.8006 -1
2.04388 -1
2.27306 -1
2.90562 -1
3.22067 -1
2.42314 -1
1.8104 -1
2.51138 -1
1.67294 -1
1.1868 -1
1.61761 -1
3.53704 -1
1.32286 -1
1.59732 -1
1.41548 -1
1.72837 -1
2.17913 -1
1.64332 -1
1.77537 -1
2.56869 -1
2.28717 -1
1.80585 -1
2.15748 -1
0.916355 -1
1.90765 -1
3.54379 -1
2.36641 -1
2.70745 -1
2.65889 -1
1.49075 -1
2.83032 -1
1.00135 -1
2.15822 -1
1.40702 -1
2.08689 -1
1.74294 -1
1.49217 -1
2.28331 -1
1.85435 -1
1.42629 -1
2.24095 -1
2.60615 -1
1.47279 -1
2.88546 -1
2.07179 -1
3.96176 -1
2.07936 -1
1.5153 -1
2.60273 -1
1.613 -1
1.29323 -1
1.88336 -1
2.42781 -1
1.96215 -1
1.91023 -1
2.82324 -1
1.4619 -1
1.19311 -1
2.60636 -1
2.46434 -1
1.92307 -1
1.63058 -1
2.31047 -1
2.30079 -1
1.89791 -1
1.26848 -1
1.7387 -1
1.94948 -1
0.882838 -1
2.81382 -1
2.12419 -1
1.56307 -1
2.29228 -1
3.30007 -1
2.3364 -1
2.1567 -1
2.85296 -1
2.49479 -1
1.56495 -1
1.1722 -1
1.16374 -1
2.03536 -1
1.70114 -1
1.72049 -1
2.87569 -1
1.77187 -1
1.47308 -1
1.41911 -1
2.07079 -1
0.971805 -1
0.994988 -1
2.07779 -1
2.05261 -1
1.3637 -1
1.67773 -1
0.991694 -1
1.55338 -1
1.69221 -1
1.33301 -1
1.00875 -1
1.75709 -1
1.60363 -1
4.89082 -1
1.49129 -1
2.28093 -1
1.98989 -1
1.76994 -1
1.38179 -1
1.19566 -1
1.77149 -1
1.80815 -1
1.7457 -1
1.64658 -1
1.99305 -1
1.72611 -1
1.24323 -1
1.53488 -1
1.90642 -1
1.65691 -1
1.82819 -1
1.6169 -1
3.98118 -1
1.16097 -1
1.66873 -1
2.15935 -1
2.75443 -1
4.07006 -1
2.34022 -1
1.43595 -1
1.42247 -1
1.32265 -1
1.92538 -1
1.01358 -1
1.93058 -1
1.85678 -1
1.91585 -1
1.75505 -1
1.45526 -1
1.42712 -1
2.25433 -1
1.84377 -1
1.36205 -1
1.90917 -1
1.24615 -1
1.47671 -1
2.1207 -1
1.38709 -1
1.09164 -1
1.45653 -1
1.26545 -1
1.74763 -1
1.89619 -1
1.4791 -1
1.63587 -1
1.72635 -1
1.4272 -1
2.26347 -1
2.04103 -1
1.91353 -1
2.90068 -1
2.7116 -1
1.71799 -1
2.41175 -1
2.16676 -1
2.14108 -1
1.6018 -1
1.78991 -1
1.91165 -1
2.68783 -1
2.84929 -1
1.39016 -1
3.36449 -1
1.7284 -1
1.91588 -1
1.81041 -1
1.80214 -1
2.99576 -1
1.75394 -1
1.66483 -1
1.69083 -1
1.40667 -1
2.06195 -1
1.21824 -1
2.662 -1
1.45835 -1
3.01299 -1
1.96205 -1
2.28403 -1
