4500 2
-1.28707 1
1.78812 -1
-0.800889 1
-0.610915 1
-0.488309 1
-0.794483 1
-2.51362 1
-2.28363 1
-1.46951 1
-0.0479025 1
-0.27963 1
-0.281779 1
-0.999963 1
0.202436 -1
-0.778615 1
-0.404458 1
-0.438732 1
-0.295806 1
-0.0463817 1
-1.19548 1
0.524179 -1
-0.853611 1
-0.249367 1
-0.957797 1
-0.257252 1
0.219691 -1
-1.39936 1
-2.41549 1
0.0406638 -1
0.277331 -1
0.310482 -1
-1.34067 1
0.215757 -1
-0.342172 1
-1.01508 1
0.737897 -1
-1.25117 1
-1.86856 1
-1.69753 1
-0.999979 1
0.255775 -1
-0.879423 1
-0.937638 1
-0.580594 1
-0.934814 1
-1.04882 1
-0.198205 1
-0.999947 1
-0.857751 1
0.88686 -1
-1.63663 1
0.0364166 -1
-0.901562 1
-1.39349 1
-1.9255 1
-1.70792 1
-0.999913 1
-1.20562 1
-0.999944 1
-1.1362 1
-0.778422 1
-0.933017 1
-0.303944 1
0.509204 -1
-1.12143 1
-0.999962 1
-1.27061 1
-0.803529 1
-1.09916 1
-0.598842 1
-1.82296 1
-0.713645 1
-1.00005 1
-1.10861 1
-0.025984 1
0.184236 -1
-1.09254 1
-0.352882 1
-1.00006 1
-1.5165 1
-0.999951 1
-0.00136513 1
-1.39763 1
-0.169168 1
-1.95779 1
-0.956163 1
-0.954423 1
-1.47495 1
-1.70442 1
-1.26942 1
-1.67024 1
0.76849 -1
-1.30536 1
0.14444 -1
-1.41841 1
-1.12367 1
-1.00001 1
-0.795162 1
-0.759157 1
-2.14543 1
-1.14099 1
-1.50886 1
-1.91029 1
-0.348444 1
-1.21158 1
-1.0974 1
-0.666975 1
-1.5461 1
-1.85855 1
-0.999973 1
-1.64703 1
-0.908126 1
-1.471 1
-1.13075 1
-0.379847 1
-1.28633 1
-0.470973 1
-1.33235 1
-1.57242 1
-0.908285 1
-0.679277 1
-0.921715 1
-1.16109 1
-0.562055 1
-0.169885 1
-0.970829 1
-1.27792 1
-1.00001 1
-0.246736 1
-0.561309 1
-0.627501 1
-0.360486 1
-0.357202 1
-1.15626 1
-0.836291 1
-0.293192 1
-0.503085 1
-0.99999 1
-0.614484 1
-1.07543 1
-0.73608 1
-0.336507 1
-1.48494 1
-0.333139 1
-1.09526 1
-2.04571 1
-1.56299 1
-0.897297 1
0.132496 -1
-1.15962 1
-0.42916 1
-0.277607 1
-1.16703 1
-0.903315 1
-1.33467 1
-1.0535 1
0.67736 -1
-1.41541 1
-0.992123 1
-1.45247 1
0.532659 -1
-1.00008 1
-0.868411 1
-1.63243 1
-0.999943 1
-0.741988 1
0.957608 -1
-1.23845 1
0.0336981 -1
-0.700592 1
-1.82109 1
-1.42871 1
-0.768145 1
-1.771 1
-2.2107 1
-0.375993 1
-1.12123 1
-0.391365 1
-1.47113 1
-1.01946 1
-0.472319 1
-0.55485 1
-1.07596 1
-1.35666 1
-0.825312 1
-1.43483 1
-0.690314 1
-0.507014 1
0.140787 -1
-0.541876 1
-0.528126 1
-0.986197 1
-1.90937 1
-1.1026 1
-0.46369 1
-1.23094 1
-1.77476 1
-1.24053 1
-0.45932 1
-1.39932 1
-1.30017 1
-1.02274 1
-1.97162 1
0.295056 -1
-0.823011 1
-1.05328 1
-0.0714752 1
-1.43747 1
-1.15721 1
-1.50726 1
-1.00007 1
-0.253291 1
0.00595098 -1
-1.58577 1
-0.126637 1
-1.2798 1
-1.33128 1
-2.24599 1
-1.8288 1
-1.47496 1
-1.75804 1
-0.293753 1
-2.35449 1
0.166389 -1
-1.8243 1
0.366817 -1
-1.66401 1
-1.63004 1
-0.107375 1
-0.759648 1
-0.868535 1
-0.245916 1
-1.35172 1
-0.346634 1
-1.2971 1
-0.84771 1
0.567402 -1
-1.88146 1
-1.12508 1
-0.0921888 1
-0.536099 1
-2.1399 1
-0.947995 1
-0.778337 1
0.25863 -1
-0.246109 1
-0.935882 1
-0.260019 1
-0.929226 1
-0.999957 1
-0.516714 1
-1.11831 1
-2.50844 1
-1.28349 1
-0.690723 1
-2.13347 1
-2.88468 1
-0.715326 1
-1.50739 1
-1.64948 1
-0.869346 1
-0.999977 1
-1.83692 1
-0.963768 1
-0.722197 1
-1.09335 1
-0.762253 1
-0.379834 1
-0.233733 1
-0.437054 1
-1.67438 1
-1.00006 1
-1.24207 1
-0.999935 1
-1.08197 1
-0.066683 1
-1.53974 1
-1.97495 1
-1.57316 1
-1.55985 1
-1.08246 1
-1.52384 1
-0.48458 1
-0.374085 1
-2.11378 1
-0.999956 1
-1.01369 1
-0.926285 1
-0.602656 1
-1.28491 1
-1.0478 1
-1.34433 1
-0.424591 1
-2.07346 1
-1.67163 1
-2.46429 1
-1.12908 1
-1.00001 1
-1.42246 1
-2.2004 1
-1.27236 1
-0.723675 1
-1.00007 1
-2.42438 1
-2.04398 1
-1.00004 1
-1.29133 1
-1.32414 1
-0.248061 1
-0.216332 1
-1.47034 1
-1.56582 1
-1.76292 1
-1.27722 1
-0.999959 1
-0.793957 1
-0.999995 1
-0.972178 1
-1.65873 1
-1.58798 1
-1.73161 1
-0.999959 1
-1.11864 1
-1.5713 1
-1.46272 1
-1.04144 1
-1.03251 1
-0.62663 1
0.382725 -1
0.49642 -1
-1.26073 1
-1.17014 1
-0.999909 1
-2.72908 1
0.285778 -1
-0.0948481 1
-1.34412 1
-0.809881 1
-1.00004 1
-1.04837 1
-0.39036 1
0.270042 -1
-1.06905 1
-0.660728 1
-0.269106 1
-0.648504 1
0.334714 -1
-0.163865 1
-1.2415 1
-0.704433 1
-0.824139 1
-0.772165 1
-1.28744 1
-0.498724 1
-1.58143 1
-0.833975 1
-1.08865 1
-0.817148 1
-0.921127 1
-1.07125 1
-0.999966 1
-0.305669 1
-1.05202 1
-0.151955 1
-1.17442 1
-0.419684 1
-1.42609 1
-2.38464 1
-1.23454 1
-2.22704 1
-1.20773 1
-2.20452 1
-2.1943 1
-1.82801 1
-1.97929 1
-1.91774 1
-0.859271 1
-2.43206 1
-1.80774 1
-0.702809 1
-0.999956 1
-1.34866 1
0.0391672 -1
-0.999973 1
-0.940123 1
0.525699 -1
-1.22444 1
-1.10037 1
-0.449791 1
-1.00845 1
-0.55981 1
-0.117166 1
-0.564995 1
-0.697663 1
-1.3464 1
-0.659434 1
-0.585386 1
-1.95356 1
-1.74063 1
-2.1486 1
-1.65369 1
-1.25137 1
-1.64056 1
-2.18266 1
-1.00004 1
-2.21675 1
-0.758693 1
-1.87634 1
-2.03994 1
-0.825046 1
-1.03286 1
-1.29714 1
-1.14956 1
-1.5639 1
-0.174932 1
-1.40396 1
-0.692762 1
-0.758073 1
-1.39589 1
-0.363399 1
-1.60369 1
-1.06802 1
-2.36131 1
-1.64942 1
-1.00002 1
-1.00002 1
-0.884448 1
-1.00002 1
0.0178114 -1
-1.43099 1
-1.51966 1
-1.44096 1
-0.999996 1
-1.0046 1
-1.18414 1
-0.732876 1
-1.16348 1
-1.86696 1
-1.36509 1
-1.78562 1
-1.82563 1
-2.65775 1
-1.86717 1
-1.73651 1
-0.678407 1
-3.35557 1
-0.6936 1
-1.19368 1
-1.84627 1
-1.67479 1
-1.86784 1
-1.85607 1
-1.44751 1
-1.59107 1
-1.48331 1
-1.40194 1
-0.994065 1
-1.42415 1
-1.69472 1
-0.753426 1
-0.764816 1
-1.25385 1
-0.766944 1
-2.431 1
-0.823441 1
-0.977047 1
-0.842483 1
-1.64177 1
-2.46394 1
-2.02556 1
-1.73777 1
-1.17044 1
-1.69851 1
-1.28004 1
-1.4346 1
-1.2935 1
-2.17253 1
-0.0819969 1
-0.885389 1
-1.60819 1
-1.5926 1
-0.932701 1
-1.0134 1
-1.30974 1
-0.589696 1
-1.37474 1
-0.351387 1
-1.76008 1
-1.00005 1
-1.2749 1
-0.706311 1
-0.999999 1
-0.946393 1
-1.38865 1
-0.59739 1
-1.35208 1
-1.61301 1
-1.10778 1
-1.66334 1
0.0710719 -1
1.17963 -1
2.00431 -1
1.74318 -1
1.7729 -1
2.44702 -1
1.68529 -1
2.68373 -1
2.40129 -1
1.77843 -1
1.58634 -1
1.45492 -1
2.03926 -1
0.442989 -1
1.09975 -1
0.351468 -1
1.9929 -1
1.14685 -1
0.641706 -1
1.3902 -1
0.503294 -1
1.99636 -1
2.01038 -1
1.39712 -1
1.61766 -1
1.00008 -1
0.733518 -1
0.99997 -1
1.59802 -1
1.15347 -1
1.34462 -1
2.89154 -1
1.48211 -1
1.87787 -1
1.92776 -1
1.80182 -1
1.87099 -1
2.64535 -1
2.48494 -1
2.29829 -1
1.80678 -1
2.24747 -1
1.79656 -1
2.28018 -1
1.78104 -1
1.82418 -1
2.60588 -1
1.96362 -1
2.64505 -1
1.23839 -1
2.1795 -1
1.48849 -1
2.9987 -1
2.38051 -1
1.81264 -1
2.35774 -1
1.84558 -1
1.58788 -1
1.52187 -1
2.16415 -1
1.9305 -1
1.64276 -1
1.70137 -1
2.37189 -1
1.00004 -1
2.04923 -1
1.19927 -1
1.42902 -1
1.89448 -1
1.71993 -1
2.77815 -1
1.25193 -1
1.23251 -1
1.00006 -1
0.185562 -1
2.27476 -1
1.20094 -1
1.16588 -1
2.21833 -1
1.99019 -1
2.9826 -1
1.92088 -1
2.19489 -1
1.8766 -1
0.333923 -1
1.65137 -1
1.00005 -1
2.19508 -1
1.54105 -1
1.81994 -1
1.00001 -1
2.11988 -1
1.99239 -1
1.82867 -1
1.92807 -1
1.63192 -1
2.1047 -1
1.87011 -1
2.19191 -1
2.19436 -1
2.35123 -1
1.85468 -1
1.85892 -1
0.57943 -1
1.71077 -1
1.84199 -1
1.67034 -1
2.26133 -1
1.1381 -1
2.35548 -1
1.70394 -1
0.998651 -1
2.3705 -1
1.79305 -1
1.59568 -1
2.75481 -1
2.49128 -1
1.49777 -1
0.976245 -1
2.2167 -1
1.59719 -1
2.50249 -1
1.59693 -1
1.33731 -1
1.15852 -1
1.4117 -1
2.3054 -1
1.9147 -1
2.70559 -1
1.6475 -1
2.7658 -1
1.83529 -1
1.46403 -1
1.45227 -1
1.59404 -1
2.16071 -1
1.01344 -1
1.64522 -1
1.21016 -1
1.81646 -1
2.12871 -1
2.13129 -1
1.28053 -1
1.92945 -1
1.84893 -1
1.45182 -1
1.72611 -1
2.62691 -1
2.34321 -1
1.49959 -1
1.575 -1
1.71819 -1
1.88947 -1
2.84936 -1
1.52849 -1
1.33854 -1
2.47492 -1
1.99783 -1
1.90438 -1
1.85447 -1
1.74333 -1
1.2799 -1
2.78511 -1
1.22001 -1
2.49499 -1
2.06639 -1
2.93896 -1
3.15487 -1
1.42634 -1
2.29214 -1
2.26655 -1
2.18577 -1
2.4272 -1
1.27673 -1
2.14274 -1
1.17296 -1
1.00003 -1
2.07693 -1
0.726516 -1
1.15321 -1
2.45922 -1
1.2294 -1
1.12841 -1
1.37815 -1
2.11596 -1
1.21523 -1
1.26911 -1
2.11088 -1
1.4398 -1
2.75458 -1
2.26006 -1
0.0986651 -1
2.75095 -1
1.844 -1
2.23565 -1
2.4054 -1
2.13729 -1
1.68467 -1
2.04258 -1
0.897149 -1
1.90059 -1
2.10194 -1
1.42235 -1
0.500599 -1
2.14396 -1
1.78819 -1
0.409672 -1
2.71784 -1
2.02367 -1
1.22468 -1
0.999974 -1
2.4865 -1
1.52496 -1
1.77479 -1
2.25008 -1
1.4288 -1
1.4453 -1
2.26482 -1
1.09614 -1
1.72779 -1
1.28821 -1
2.81387 -1
2.5279 -1
0.999964 -1
2.97056 -1
3.3276 -1
0.800387 -1
1.21143 -1
2.61964 -1
2.80338 -1
2.05069 -1
2.00932 -1
1.67242 -1
1.30856 -1
1.1319 -1
1.65535 -1
1.11721 -1
1.83785 -1
1.48622 -1
0.999946 -1
1.51293 -1
2.17816 -1
2.40731 -1
1.65199 -1
1.58678 -1
1.75926 -1
2.78766 -1
2.67917 -1
2.361 -1
1.17188 -1
2.71239 -1
1.72005 -1
2.9862 -1
0.862307 -1
1.75662 -1
1.56354 -1
1.42948 -1
1.75221 -1
1.5252 -1
2.82838 -1
1.37686 -1
2.37103 -1
1.40547 -1
1.68584 -1
2.58393 -1
1.38698 -1
2.22115 -1
1.05177 -1
2.34875 -1
1.73276 -1
2.1159 -1
2.34365 -1
2.04759 -1
2.00073 -1
2.41853 -1
1.00576 -1
2.25553 -1
2.19208 -1
2.47795 -1
2.53008 -1
2.82121 -1
2.08407 -1
1.99449 -1
1.96449 -1
2.08153 -1
2.09611 -1
1.88901 -1
1.76135 -1
1.4435 -1
1.74848 -1
3.07468 -1
2.18556 -1
1.49407 -1
1.9188 -1
3.26686 -1
1.67357 -1
2.12804 -1
3.10714 -1
2.09217 -1
1.10036 -1
1.32443 -1
1.26629 -1
1.38685 -1
1.8544 -1
1.83498 -1
2.2393 -1
1.72171 -1
1.19079 -1
2.25505 -1
1.81863 -1
1.54752 -1
1.33465 -1
2.14271 -1
1.41708 -1
2.31292 -1
2.05978 -1
2.30439 -1
1.47181 -1
1.74542 -1
1.55134 -1
2.30058 -1
3.1042 -1
1.92506 -1
1.83359 -1
2.61271 -1
2.5562 -1
0.999944 -1
1.00002 -1
1.01796 -1
1.42083 -1
2.25018 -1
1.8137 -1
1.4978 -1
1.73258 -1
1.74644 -1
1.91613 -1
1.57782 -1
1.71537 -1
2.59065 -1
1.0518 -1
1.99336 -1
1.45992 -1
1.75449 -1
1.78228 -1
1.534 -1
2.79473 -1
2.45465 -1
3.37581 -1
1.09882 -1
2.75325 -1
2.50291 -1
1.17577 -1
2.73658 -1
1.26441 -1
2.47556 -1
1.66073 -1
1.91466 -1
2.03636 -1
2.31726 -1
2.2578 -1
2.10195 -1
0.604938 -1
0.439042 -1
1.00524 -1
1.37204 -1
1.48654 -1
1.2111 -1
1.54019 -1
2.86346 -1
1.23269 -1
1.00005 -1
2.45086 -1
1.88658 -1
2.53235 -1
0.72357 -1
1.82041 -1
1.00889 -1
0.312584 -1
2.32301 -1
2.09895 -1
3.01291 -1
1.82258 -1
1.52787 -1
1.1388 -1
3.79788 -1
2.99226 -1
1.45776 -1
2.85957 -1
2.31107 -1
1.50129 -1
1.69143 -1
1.5524 -1
2.6537 -1
1.60661 -1
1.53933 -1
0.992329 -1
2.55409 -1
1.51542 -1
1.58864 -1
2.11789 -1
2.48835 -1
2.07917 -1
0.926986 -1
1.46635 -1
1.42167 -1
0.946537 -1
1.00004 -1
1.00618 -1
1.68303 -1
1.65681 -1
1.7012 -1
0.339298 -1
1.21845 -1
2.39472 -1
2.08208 -1
1.95742 -1
2.00093 -1
1.00005 -1
2.50906 -1
2.1549 -1
1.82832 -1
0.99993 -1
0.999969 -1
1.72388 -1
2.89892 -1
2.49726 -1
2.64449 -1
1.84228 -1
2.16639 -1
2.79153 -1
1.88044 -1
2.48295 -1
1.63012 -1
2.06637 -1
2.07386 -1
2.10115 -1
2.96823 -1
2.40755 -1
1.31091 -1
1.68431 -1
1.46781 -1
2.11305 -1
1.97071 -1
1.50401 -1
1.60223 -1
1.72195 -1
1.30265 -1
1.45992 -1
0.913646 -1
2.20591 -1
1.66029 -1
1.90741 -1
2.00329 -1
1.18628 -1
1.072 -1
2.58411 -1
1.05928 -1
1.72725 -1
3.04718 -1
2.35426 -1
1.75469 -1
2.18329 -1
3.09741 -1
1.77174 -1
1.39043 -1
2.02014 -1
1.90698 -1
2.61293 -1
0.999936 -1
2.7901 -1
2.48277 -1
2.55705 -1
1.81227 -1
2.01588 -1
2.67834 -1
1.18736 -1
2.49526 -1
1.81508 -1
2.37495 -1
1.60053 -1
2.79882 -1
1.02669 -1
2.16685 -1
1.73005 -1
2.89901 -1
1.00005 -1
1.05707 -1
2.59285 -1
2.12442 -1
2.95357 -1
3.38853 -1
2.35567 -1
1.21749 -1
1.47492 -1
2.10085 -1
1.49885 -1
1.19096 -1
1.52155 -1
1.71258 -1
0.954774 -1
1.19899 -1
1.55103 -1
1.49076 -1
0.857151 -1
1.86181 -1
2.8282 -1
2.91219 -1
1.81718 -1
2.81491 -1
1.31866 -1
1.39122 -1
1.2617 -1
1.31142 -1
1.44515 -1
2.66103 -1
2.00212 -1
2.3917 -1
2.80659 -1
1.2294 -1
1.74455 -1
1.17177 -1
1.17438 -1
1.89211 -1
2.0117 -1
1.29564 -1
2.05783 -1
1.17143 -1
1.82604 -1
1.89835 -1
1.48497 -1
2.07807 -1
1.41181 -1
1.61522 -1
1.69967 -1
2.25952 -1
1.34389 -1
1.00005 -1
1.4522 -1
1.78369 -1
0.999973 -1
1.01359 -1
1.73821 -1
2.00801 -1
1.41228 -1
0.999976 -1
1.59655 -1
2.21835 -1
0.994865 -1
1.43318 -1
1.82101 -1
2.18332 -1
0.929638 -1
1.29341 -1
1.00003 -1
2.65805 -1
2.34183 -1
1.78714 -1
0.773808 -1
1.81014 -1
1.23587 -1
1.64133 -1
1.43445 -1
1.94932 -1
2.14789 -1
2.40253 -1
2.64408 -1
2.19559 -1
2.92679 -1
1.41438 -1
1.93371 -1
2.2643 -1
2.05505 -1
1.37516 -1
2.47924 -1
2.83314 -1
1.52051 -1
1.67258 -1
1.59474 -1
2.22334 -1
2.40966 -1
0.999956 -1
1.15332 -1
0.937259 -1
2.08304 -1
2.16981 -1
2.20005 -1
2.53585 -1
2.25752 -1
1.74354 -1
1.90181 -1
1.38391 -1
2.35553 -1
1.41015 -1
1.09117 -1
1.08426 -1
1.45171 -1
1.55264 -1
2.12112 -1
2.38727 -1
1.23757 -1
1.87397 -1
1.49508 -1
1.68815 -1
2.79157 -1
1.66298 -1
1.15971 -1
1.59207 -1
1.56511 -1
1.54286 -1
1.478 -1
2.20778 -1
1.30049 -1
1.709 -1
1.75294 -1
1.65494 -1
1.34561 -1
1.70414 -1
1.05192 -1
1.90553 -1
1.70641 -1
1.53163 -1
2.41557 -1
1.70245 -1
1.89762 -1
2.36484 -1
1.26732 -1
2.08233 -1
2.97181 -1
2.22119 -1
1.82825 -1
2.05298 -1
2.39889 -1
2.08039 -1
2.44069 -1
2.23521 -1
1.57998 -1
1.87932 -1
1.97686 -1
2.95306 -1
2.23034 -1
2.07944 -1
2.00417 -1
1.47815 -1
1.53335 -1
2.2731 -1
1.49362 -1
1.81509 -1
0.931627 -1
2.67601 -1
1.07872 -1
1.77038 -1
1.42355 -1
1.78653 -1
1.10175 -1
2.83145 -1
1.38667 -1
1.8275 -1
2.2676 -1
2.40593 -1
2.26084 -1
2.21925 -1
1.0148 -1
1.23205 -1
1.62656 -1
0.77357 -1
1.43141 -1
1.41414 -1
2.05566 -1
2.76741 -1
3.39194 -1
2.3973 -1
1.89419 -1
2.27946 -1
2.10776 -1
1.67245 -1
1.59653 -1
1.69439 -1
1.31525 -1
1.40859 -1
1.00131 -1
1.14725 -1
2.95886 -1
1.32217 -1
1.24114 -1
3.11456 -1
1.43598 -1
1.55201 -1
2.82529 -1
1.8376 -1
2.20171 -1
2.96166 -1
1.099 -1
2.04236 -1
2.53179 -1
2.69577 -1
2.37447 -1
1.21311 -1
2.03432 -1
1.43472 -1
1.18924 -1
1.85896 -1
2.1461 -1
2.04801 -1
2.20343 -1
2.75574 -1
1.88059 -1
1.576 -1
1.29297 -1
1.40756 -1
0.830605 -1
2.46076 -1
1.49767 -1
2.72039 -1
1.59272 -1
2.00913 -1
2.39843 -1
0.91654 -1
1.89368 -1
2.10763 -1
2.56298 -1
2.39521 -1
1.33005 -1
1.2901 -1
1.89632 -1
1.45896 -1
2.07618 -1
2.41133 -1
2.34149 -1
2.51692 -1
1.50343 -1
1.81438 -1
1.01446 -1
0.927747 -1
1.89706 -1
1.00006 -1
2.91652 -1
1.04759 -1
1.43089 -1
1.48053 -1
1.49495 -1
1.42723 -1
1.06568 -1
1.6998 -1
1.88817 -1
1.42175 -1
2.10118 -1
1.39265 -1
1.33306 -1
0.999994 -1
2.60698 -1
2.46141 -1
0.999967 -1
1.05137 -1
1.97389 -1
1.21353 -1
1.58778 -1
2.15301 -1
1.72121 -1
0.999967 -1
3.04258 -1
1.78486 -1
2.39704 -1
2.69313 -1
1.65797 -1
1.22125 -1
2.11786 -1
1.51097 -1
1.96387 -1
2.05687 -1
1.51698 -1
1.30785 -1
1.7959 -1
1.5741 -1
1.58998 -1
2.61277 -1
2.78704 -1
1.66063 -1
3.06107 -1
3.6353 -1
2.45832 -1
1.28585 -1
1.14792 -1
2.81068 -1
0.999919 -1
3.24665 -1
2.56546 -1
2.32536 -1
1.90266 -1
0.610751 -1
2.44705 -1
1.30859 -1
2.59359 -1
1.743 -1
2.62346 -1
2.09453 -1
4.28399 -1
1.97817 -1
1.70502 -1
1.03346 -1
1.00002 -1
0.99996 -1
0.824393 -1
1.96296 -1
2.06201 -1
2.27362 -1
2.40358 -1
2.17937 -1
2.27286 -1
1.29541 -1
2.67029 -1
1.48835 -1
2.45542 -1
1.91422 -1
2.08022 -1
1.76507 -1
1.50799 -1
2.08433 -1
1.75208 -1
2.027 -1
2.49495 -1
2.25385 -1
1.83796 -1
1.37408 -1
1.5683 -1
1.00003 -1
1.78159 -1
1.69754 -1
1.46985 -1
1.76481 -1
1.28513 -1
2.43933 -1
1.9717 -1
1.76829 -1
1.6983 -1
1.87282 -1
1.89387 -1
1.5639 -1
1.76698 -1
3.22084 -1
1.65602 -1
0.77718 -1
1.45395 -1
1.87188 -1
-0.0400032 1
2.79318 -1
1.5854 -1
1.4207 -1
1.9393 -1
1.62072 -1
0.847461 -1
2.6231 -1
1.47324 -1
2.31845 -1
2.53931 -1
2.34331 -1
1.47638 -1
1.15698 -1
1.15573 -1
1.61584 -1
2.22795 -1
2.2703 -1
3.07952 -1
1.48252 -1
2.89412 -1
1.90679 -1
0.999936 -1
2.15079 -1
1.99256 -1
1.20958 -1
1.25467 -1
1.29507 -1
1.70889 -1
2.91632 -1
1.8264 -1
2.51317 -1
3.10915 -1
2.84316 -1
1.04714 -1
0.929463 -1
2.90545 -1
2.21978 -1
1.57689 -1
1.46403 -1
1.76492 -1
1.79173 -1
2.09966 -1
1.73929 -1
2.32134 -1
0.936052 -1
2.6415 -1
2.22861 -1
2.70634 -1
0.958383 -1
2.00562 -1
2.17456 -1
1.55058 -1
1.70536 -1
1.42731 -1
2.56171 -1
1.6079 -1
1.35555 -1
2.3646 -1
3.31203 -1
0.694726 -1
2.70923 -1
1.83566 -1
2.98344 -1
2.29106 -1
1.65763 -1
1.86831 -1
3.09869 -1
1.36908 -1
2.16555 -1
2.22204 -1
1.31067 -1
1.99393 -1
2.01714 -1
2.01383 -1
1.24202 -1
1.99743 -1
1.59965 -1
2.48344 -1
2.399 -1
1.39421 -1
1.13943 -1
2.75654 -1
1.94404 -1
2.05898 -1
1.79955 -1
2.74654 -1
2.62779 -1
1.56649 -1
2.16388 -1
1.63442 -1
1.704 -1
1.6708 -1
1.55686 -1
1.52934 -1
1.92812 -1
2.38136 -1
1.41959 -1
1.58586 -1
2.61305 -1
1.4557 -1
1.46437 -1
1.67422 -1
2.06161 -1
1.542 -1
1.89215 -1
2.1211 -1
2.62602 -1
2.48092 -1
1.56882 -1
1.60477 -1
1.44294 -1
1.7981 -1
0.578372 -1
1.92772 -1
2.92067 -1
1.89546 -1
3.48298 -1
1.36202 -1
2.34552 -1
2.77094 -1
1.29472 -1
2.02331 -1
1.36901 -1
1.77058 -1
1.42953 -1
0.999898 -1
0.874008 -1
1.46326 -1
1.38084 -1
1.50374 -1
2.50539 -1
3.32304 -1
0.940422 -1
2.55446 -1
3.23898 -1
1.40787 -1
1.62964 -1
1.93847 -1
1.86395 -1
1.39742 -1
1.77528 -1
1.24425 -1
1.87301 -1
2.19365 -1
1.42396 -1
1.57476 -1
1.72304 -1
2.74014 -1
1.20923 -1
1.17399 -1
1.85752 -1
1.96873 -1
1.50771 -1
2.0186 -1
1.55654 -1
1.75564 -1
1.7486 -1
1.48726 -1
1.87538 -1
1.53783 -1
1.78829 -1
1.70124 -1
1.41901 -1
1.51022 -1
1.48513 -1
1.73616 -1
1.40736 -1
1.54937 -1
1.55887 -1
0.999942 -1
1.86782 -1
1.3118 -1
0.999937 -1
1.71346 -1
0.999962 -1
1.39318 -1
1.46187 -1
1.93763 -1
1.20731 -1
1.66137 -1
1.66092 -1
1.97178 -1
1.24344 -1
1.13597 -1
1.07728 -1
1.64147 -1
1.65647 -1
1.37296 -1
1.83832 -1
1.63184 -1
1.54301 -1
1.34845 -1
1.76384 -1
1.82865 -1
1.88858 -1
1.53125 -1
1.61109 -1
1.51127 -1
1.96556 -1
2.02169 -1
2.33951 -1
2.58485 -1
2.46188 -1
1.6015 -1
1.73064 -1
1.43199 -1
1.45905 -1
1.25563 -1
1.84226 -1
1.60135 -1
2.16516 -1
2.71695 -1
1.67537 -1
0.88281 -1
2.07241 -1
1.98724 -1
1.49903 -1
1.77614 -1
1.33205 -1
1.26839 -1
1.47387 -1
1.75349 -1
1.18392 -1
1.99939 -1
1.00006 -1
1.70557 -1
2.9389 -1
1.3341 -1
2.22263 -1
1.37247 -1
1.32615 -1
1.79834 -1
1.26125 -1
1.07384 -1
1.72248 -1
1.86385 -1
2.68553 -1
2.03507 -1
1.44533 -1
1.84834 -1
1.6508 -1
2.93341 -1
1.51563 -1
2.26624 -1
1.48504 -1
1.53327 -1
1.29362 -1
1.00001 -1
1.00006 -1
1.27002 -1
2.03633 -1
2.88428 -1
1.32805 -1
1.40198 -1
1.8891 -1
2.92578 -1
1.45117 -1
1.61071 -1
1.8945 -1
2.00857 -1
2.45714 -1
1.55571 -1
2.9877 -1
2.11528 -1
1.88661 -1
2.58364 -1
3.08139 -1
1.53944 -1
2.48883 -1
2.09971 -1
2.17065 -1
2.26478 -1
2.17006 -1
1.58125 -1
1.47413 -1
1.44482 -1
2.42589 -1
1.89563 -1
1.59048 -1
2.01079 -1
1.77618 -1
1.53409 -1
1.87822 -1
1.78919 -1
1.21774 -1
1.51592 -1
2.43874 -1
2.5208 -1
1.0209 -1
2.00356 -1
2.16139 -1
1.19606 -1
2.81514 -1
2.12118 -1
2.47291 -1
1.27746 -1
2.34157 -1
2.81629 -1
1.04618 -1
1.26914 -1
2.08332 -1
1.59652 -1
1.8009 -1
1.57715 -1
2.05726 -1
1.81486 -1
1.22782 -1
3.26185 -1
1.4845 -1
2.17839 -1
3.14083 -1
2.18481 -1
1.33591 -1
1.69864 -1
0.999931 -1
2.06263 -1
0.413072 -1
1.28301 -1
2.09227 -1
1.51578 -1
0.99994 -1
1.99481 -1
1.68553 -1
1.50551 -1
1.67533 -1
1.44967 -1
1.81192 -1
1.28128 -1
1.99814 -1
2.41772 -1
2.18162 -1
0.993216 -1
1.93249 -1
1.35457 -1
1.71239 -1
1.33473 -1
2.76604 -1
1.40389 -1
1.35035 -1
1.01545 -1
2.05301 -1
2.52573 -1
1.49421 -1
1.84944 -1
1.56314 -1
2.16671 -1
1.77896 -1
1.42844 -1
2.99906 -1
0.183919 -1
1.41282 -1
1.25647 -1
1.43792 -1
1.25274 -1
1.23568 -1
2.59023 -1
2.89024 -1
2.77462 -1
1.85602 -1
2.15372 -1
2.57735 -1
2.23856 -1
2.6724 -1
1.7728 -1
2.64343 -1
3.15174 -1
2.21184 -1
2.35551 -1
2.12952 -1
2.72711 -1
1.74075 -1
1.89581 -1
2.54135 -1
1.97183 -1
1.81764 -1
1.96945 -1
1.65032 -1
0.828306 -1
1.65179 -1
1.47762 -1
2.00957 -1
0.946577 -1
1.41324 -1
2.31904 -1
2.19633 -1
2.59549 -1
1.86641 -1
1.38714 -1
1.84103 -1
0.999971 -1
1.078 -1
1.93125 -1
1.0365 -1
2.78956 -1
1.81106 -1
2.03956 -1
1.06313 -1
2.9569 -1
1.3737 -1
1.03177 -1
1.92567 -1
1.19997 -1
1.03477 -1
1.32226 -1
1.56995 -1
0.742124 -1
1.65673 -1
1.00007 -1
1.47505 -1
1.5005 -1
1.61416 -1
1 -1
1.75602 -1
1.45551 -1
1.42874 -1
1.66494 -1
2.10266 -1
1.18193 -1
2.4007 -1
2.85465 -1
1.05666 -1
2.49353 -1
2.52672 -1
2.07622 -1
2.27095 -1
1.53489 -1
1.88364 -1
2.35163 -1
1.91436 -1
1.83021 -1
1.10365 -1
2.05281 -1
2.91903 -1
2.49656 -1
2.24089 -1
1.49253 -1
1.76144 -1
1.99419 -1
2.04941 -1
2.05374 -1
2.06833 -1
1.3913 -1
1.4971 -1
1.76869 -1
1.83963 -1
2.4567 -1
1.81038 -1
2.15174 -1
1.60807 -1
3.0356 -1
1.61032 -1
2.46024 -1
2.16194 -1
1.54834 -1
0.999926 -1
2.24956 -1
3.02514 -1
3.18385 -1
1.35684 -1
1.4181 -1
1.3723 -1
1.69467 -1
1.83593 -1
1.88361 -1
1.84191 -1
1.26369 -1
1.98757 -1
1.98755 -1
2.28576 -1
1.77307 -1
2.14258 -1
1.69058 -1
1.00412 -1
1.66289 -1
1.69449 -1
1.2492 -1
2.06956 -1
1.91019 -1
3.3413 -1
2.97505 -1
1.85706 -1
1.57415 -1
1.78624 -1
2.11193 -1
1.36835 -1
2.15127 -1
2.01262 -1
0.977471 -1
1.73401 -1
1.17232 -1
2.43495 -1
1.00003 -1
1.46456 -1
2.30543 -1
2.0084 -1
2.03462 -1
1.28208 -1
1.64967 -1
2.47815 -1
1.14819 -1
2.43384 -1
1.00004 -1
1.17697 -1
1.92006 -1
1.00003 -1
1.3286 -1
1.62914 -1
1.71048 -1
1.67818 -1
2.24789 -1
1.42872 -1
2.02732 -1
1.28567 -1
1.84545 -1
1.49821 -1
1.55648 -1
0.99995 -1
1.55474 -1
0.535288 -1
2.00788 -1
0.860638 -1
2.40774 -1
2.41281 -1
2.40808 -1
2.48239 -1
1.6382 -1
0.692556 -1
1.89062 -1
1.6239 -1
3.75228 -1
3.11886 -1
1.68814 -1
1.16151 -1
1.28437 -1
1.90801 -1
1.56382 -1
1.22789 -1
1.12909 -1
1.51781 -1
2.33791 -1
1.6425 -1
1.66706 -1
1.69389 -1
0.999923 -1
2.51726 -1
1.61445 -1
0.722837 -1
1.40109 -1
2.25161 -1
1.28329 -1
1.38731 -1
1.61876 -1
1.81285 -1
1.17235 -1
2.45871 -1
1.24384 -1
0.0145279 -1
1.7124 -1
1.57769 -1
1.62645 -1
1.94211 -1
1.76058 -1
1.82967 -1
2.04971 -1
1.21162 -1
1.7924 -1
1.98279 -1
1.14404 -1
2.27965 -1
1.45913 -1
1.37364 -1
0.99992 -1
2.24004 -1
1.85469 -1
1.78139 -1
2.13219 -1
1.60135 -1
1.12309 -1
1.25222 -1
1.60859 -1
1 -1
1.33221 -1
2.54385 -1
1.49064 -1
1.30134 -1
1.17704 -1
1.8057 -1
0.69315 -1
2.78984 -1
1.84851 -1
1.55025 -1
1.71364 -1
1.83746 -1
1.13135 -1
1.88988 -1
2.04387 -1
2.16683 -1
1.59823 -1
1.90433 -1
1.58583 -1
1.53123 -1
1.83437 -1
2.2044 -1
1.09394 -1
0.871248 -1
1.25619 -1
0.774008 -1
1.72747 -1
1.55901 -1
1.64624 -1
1.32966 -1
1.55332 -1
1.51305 -1
1.60013 -1
1.63251 -1
1.67276 -1
1.85991 -1
1.45208 -1
2.52846 -1
1.66822 -1
1.23301 -1
1.70219 -1
1.99354 -1
1.92977 -1
1.56817 -1
1.971 -1
2.42717 -1
2.83434 -1
2.52653 -1
1.48942 -1
1.92936 -1
1.58332 -1
1.59267 -1
3.31089 -1
1.41937 -1
2.34087 -1
1.09117 -1
1.39544 -1
1.73421 -1
1.85584 -1
1.17236 -1
1.50343 -1
1.53318 -1
1.68139 -1
1.50577 -1
1.73127 -1
1.45111 -1
2.92202 -1
1.33931 -1
3.33625 -1
1.62505 -1
1.05911 -1
2.58084 -1
2.78696 -1
3.48426 -1
2.87451 -1
2.56618 -1
1.30447 -1
2.09484 -1
1.62847 -1
2.06874 -1
1.25218 -1
1.74531 -1
1.74059 -1
1.84227 -1
1.61261 -1
2.20806 -1
1.43412 -1
1.42177 -1
2.22261 -1
1.46426 -1
2.21501 -1
1.53797 -1
1.29043 -1
1.20252 -1
2.06954 -1
1.3908 -1
2.06768 -1
1.36652 -1
1.46148 -1
1.45064 -1
2.27277 -1
1.56043 -1
1.00002 -1
1.90509 -1
1.33549 -1
1.50358 -1
3.09353 -1
2.46274 -1
2.77224 -1
3.06963 -1
1.30729 -1
1.50499 -1
2.62388 -1
2.90931 -1
1.00006 -1
1.57826 -1
1.00004 -1
0.869109 -1
1.71451 -1
1.74302 -1
1.00006 -1
2.24868 -1
1.74202 -1
2.2499 -1
1.29087 -1
1.81411 -1
1.33362 -1
1.9674 -1
2.29268 -1
1.26911 -1
1.12206 -1
1.88106 -1
1.89579 -1
0.999931 -1
1.09374 -1
1.7066 -1
1.0731 -1
1.84021 -1
1.67107 -1
1.63966 -1
1.24444 -1
0.221505 -1
1.91936 -1
1.96766 -1
1.35565 -1
1.62316 -1
1.00005 -1
1.03709 -1
1.05572 -1
1.84312 -1
1.36669 -1
1.50378 -1
1.7391 -1
1.39304 -1
2.02151 -1
1.60606 -1
1.61627 -1
1.64467 -1
1.73354 -1
2.31828 -1
1.85731 -1
1.88076 -1
1.53636 -1
1.88511 -1
1.84405 -1
0.865601 -1
2.06173 -1
2.5716 -1
1.20074 -1
1.50526 -1
1.60704 -1
1.37521 -1
1.60453 -1
1.2867 -1
2.35747 -1
2.25096 -1
1.92969 -1
1.56096 -1
1.38145 -1
1.70421 -1
1.49473 -1
1.6655 -1
1.14933 -1
2.24876 -1
2.07326 -1
1.06752 -1
1.38969 -1
1.33575 -1
1.52323 -1
1.18108 -1
1.83921 -1
1.36065 -1
2.66803 -1
1.80498 -1
1.58961 -1
1.08342 -1
2.67576 -1
1.13436 -1
1.09726 -1
2.39413 -1
1.44755 -1
0.999936 -1
1.57379 -1
1.41149 -1
1.56094 -1
3.40414 -1
1.62038 -1
2.17516 -1
1.66522 -1
2.044 -1
2.73586 -1
1.78663 -1
1.34922 -1
1.10837 -1
2.42849 -1
1.73459 -1
2.7067 -1
3.16217 -1
1.88043 -1
1.81627 -1
1.97566 -1
3.1537 -1
1.83948 -1
3.27532 -1
0.999936 -1
1.2832 -1
1.45016 -1
1.6009 -1
1.69381 -1
1.99865 -1
2.52283 -1
1.60137 -1
2.83589 -1
2.90276 -1
2.6557 -1
1.84045 -1
2.32482 -1
1.88338 -1
2.36116 -1
1.50599 -1
2.696 -1
1.93198 -1
2.39761 -1
2.69894 -1
2.05161 -1
1.95345 -1
2.94246 -1
2.54885 -1
1.88193 -1
2.09656 -1
1 -1
1.95174 -1
1.74117 -1
1.79886 -1
2.65155 -1
2.37195 -1
2.8421 -1
1.39619 -1
2.53758 -1
2.2987 -1
2.44488 -1
1.21733 -1
2.73744 -1
1.82071 -1
2.08675 -1
1.74416 -1
2.14044 -1
2.37388 -1
1.66344 -1
1.48676 -1
2.81081 -1
2.12178 -1
1.57411 -1
2.55333 -1
1.89372 -1
1.40196 -1
2.05329 -1
1.95591 -1
2.32975 -1
2.44592 -1
2.48564 -1
2.34476 -1
2.92 -1
2.13779 -1
1.57136 -1
2.22934 -1
2.66283 -1
1.77676 -1
2.43087 -1
2.30134 -1
2.72351 -1
1.85074 -1
1.59603 -1
2.12723 -1
2.60868 -1
2.23407 -1
1.46523 -1
1.40789 -1
2.04971 -1
0.999998 -1
1.08676 -1
1.55145 -1
1.19569 -1
1.99237 -1
1.87363 -1
1.53227 -1
2.31196 -1
2.9058 -1
0.999949 -1
2.92243 -1
1.83086 -1
1.98891 -1
1.89896 -1
1.41359 -1
1.92307 -1
1.96879 -1
1.87505 -1
1.44361 -1
1.43219 -1
1.64289 -1
1.94187 -1
1.08274 -1
1.33059 -1
1.45936 -1
1.88753 -1
2.22249 -1
1.6522 -1
2.72427 -1
1.95305 -1
1.57915 -1
1.42521 -1
2.48302 -1
1.649 -1
1.42624 -1
1.86702 -1
1.03909 -1
1.82253 -1
1.00006 -1
0.890974 -1
1.29313 -1
0.954647 -1
1.29726 -1
1.53235 -1
3.02453 -1
1.83864 -1
2.05743 -1
1.02662 -1
2.23779 -1
2.01707 -1
1.47336 -1
1.13386 -1
1.00007 -1
1.00007 -1
2.51477 -1
1.55745 -1
1.5298 -1
1.37932 -1
2.07971 -1
2.08452 -1
0.971089 -1
2.25733 -1
2.16833 -1
2.11303 -1
1.74922 -1
1.34004 -1
2.08744 -1
1.11815 -1
1.61108 -1
1.77479 -1
2.37183 -1
0.999991 -1
2.63006 -1
1.12625 -1
2.02115 -1
1.3473 -1
1.9006 -1
0.975441 -1
1.78029 -1
2.03457 -1
2.37539 -1
2.12071 -1
1.62154 -1
1.3012 -1
1.11372 -1
1.4789 -1
1.33091 -1
1.18233 -1
0.533347 -1
2.49601 -1
1.98976 -1
1.50144 -1
1.02117 -1
2.26368 -1
1.04894 -1
1.82953 -1
1.55626 -1
1.05411 -1
1.59265 -1
1.18001 -1
2.0993 -1
2.94145 -1
1.12373 -1
1.36187 -1
1.50149 -1
1.24025 -1
1.54451 -1
1.6548 -1
0.95596 -1
1.04723 -1
1.09713 -1
0.999939 -1
1.39358 -1
2.51124 -1
1.29151 -1
1.42452 -1
2.40318 -1
2.89729 -1
2.09899 -1
2.14302 -1
1.65048 -1
1.19511 -1
1.19455 -1
1.52595 -1
1.98243 -1
1.9822 -1
1.87543 -1
2.0944 -1
1.00063 -1
0.927827 -1
1.94485 -1
1.6314 -1
1.73925 -1
1.72621 -1
1.5473 -1
1.62378 -1
1.31371 -1
2.90501 -1
2.43102 -1
1.04743 -1
1.71161 -1
1.31293 -1
1.80522 -1
0.870474 -1
3.09485 -1
2.15766 -1
1.33451 -1
0.845513 -1
1.56462 -1
1.00322 -1
0.87602 -1
0.882485 -1
1.3324 -1
1.36668 -1
1.37317 -1
1.52811 -1
1.73337 -1
1.78016 -1
1.63607 -1
1.17458 -1
1.61602 -1
2.45168 -1
1.42246 -1
0.957402 -1
1.8183 -1
2.25216 -1
2.07919 -1
3.40598 -1
0.906378 -1
1.84888 -1
1.55188 -1
1.56792 -1
2.08708 -1
1.31433 -1
1.78335 -1
1.18017 -1
2.20491 -1
1.47533 -1
2.95573 -1
1.45832 -1
0.0853313 -1
0.656684 -1
3.30756 -1
1.22124 -1
0.749759 -1
1.03312 -1
1.45947 -1
1.52396 -1
2.86219 -1
1.45044 -1
2.64051 -1
1.64856 -1
2.06003 -1
1.69804 -1
1.09515 -1
2.74749 -1
2.82805 -1
1.529 -1
2.01416 -1
2.02146 -1
1.11304 -1
2.18371 -1
2.42797 -1
0.79889 -1
1.51797 -1
0.243988 -1
1.41321 -1
1.28027 -1
1.5634 -1
1.41081 -1
2.44685 -1
2.43095 -1
2.12874 -1
2.62437 -1
1.43583 -1
2.96421 -1
1.05797 -1
1.37293 -1
2.50276 -1
0.274609 -1
0.433458 -1
2.58126 -1
1.73836 -1
1.64185 -1
0.773932 -1
1.8226 -1
1.08243 -1
0.947317 -1
1.8574 -1
1.93716 -1
1.23196 -1
1.04267 -1
1.66992 -1
1.33043 -1
1.47117 -1
1.48226 -1
1.67633 -1
3.02626 -1
1.37418 -1
2.59956 -1
2.23683 -1
3.06778 -1
2.54882 -1
1.44035 -1
1.46989 -1
2.50247 -1
3.11887 -1
2.52527 -1
2.79259 -1
3.32824 -1
1.60358 -1
1.73434 -1
1.54822 -1
0.864399 -1
1.72546 -1
0.999922 -1
1.62302 -1
2.06272 -1
2.48284 -1
2.2532 -1
2.13702 -1
1.97469 -1
1.66814 -1
2.39681 -1
2.38046 -1
2.10096 -1
1.5697 -1
2.08808 -1
2.27324 -1
2.40641 -1
3.12052 -1
2.10224 -1
1.24429 -1
0.999984 -1
2.51927 -1
2.17351 -1
2.73281 -1
2.04472 -1
2.19282 -1
2.10758 -1
2.28766 -1
2.2634 -1
2.29865 -1
2.06403 -1
1.80847 -1
1.71217 -1
2.6353 -1
2.25288 -1
1.32515 -1
2.03324 -1
2.3877 -1
0.769409 -1
1.26272 -1
1.327 -1
3.28817 -1
2.53076 -1
1.66371 -1
0.917587 -1
1.90764 -1
1.9299 -1
1.49479 -1
1.94988 -1
0.938183 -1
1.41449 -1
1.54702 -1
2.1146 -1
0.897439 -1
1.88647 -1
1.80662 -1
0.908221 -1
1.95813 -1
1.01448 -1
0.845654 -1
1.54282 -1
1.41266 -1
1.73775 -1
1.42175 -1
2.03067 -1
2.30086 -1
1.96985 -1
1.15597 -1
2.14507 -1
2.49472 -1
1.19834 -1
2.41326 -1
1.91978 -1
1.73508 -1
1.72382 -1
2.16511 -1
1.77883 -1
1.91545 -1
3.39585 -1
1.68652 -1
2.20106 -1
1.71701 -1
1.83661 -1
3.06102 -1
1.78012 -1
2.19145 -1
1.33304 -1
1.62152 -1
1.58384 -1
2.07484 -1
2.85357 -1
1.76017 -1
2.09907 -1
1.75146 -1
2.44321 -1
2.32925 -1
2.64467 -1
1.30436 -1
2.58561 -1
2.94108 -1
2.63292 -1
1.68664 -1
1.85639 -1
2.99151 -1
1.60013 -1
1.82866 -1
1.65113 -1
1.82229 -1
1.16589 -1
1.34032 -1
1.81309 -1
1.51694 -1
1.3702 -1
1.7809 -1
1.61359 -1
1.55914 -1
1.96073 -1
1.70797 -1
1.63999 -1
1.80151 -1
2.21529 -1
1.78772 -1
1.52621 -1
1.74352 -1
1.85097 -1
1.56663 -1
1.52123 -1
2.01271 -1
2.14869 -1
2.01567 -1
1.68443 -1
2.08484 -1
1.81279 -1
1.15839 -1
2.16565 -1
1.27123 -1
1.65325 -1
1.71946 -1
1.73085 -1
1.55349 -1
1.08443 -1
1.52859 -1
1.33035 -1
0.945434 -1
2.18555 -1
2.80094 -1
2.4369 -1
3.13146 -1
1.77405 -1
1.92368 -1
1.5207 -1
2.49647 -1
2.11489 -1
2.94819 -1
1.82945 -1
2.01806 -1
2.09131 -1
1.69683 -1
2.29251 -1
1.78659 -1
1.35821 -1
2.63288 -1
2.15543 -1
2.04752 -1
2.03189 -1
1.72176 -1
0.999952 -1
1.29694 -1
1.22732 -1
2.04211 -1
1.33999 -1
2.60876 -1
1.62218 -1
1.81566 -1
1.87391 -1
1.42802 -1
1.65838 -1
1.87766 -1
1.7087 -1
2.23599 -1
1.29137 -1
1.86882 -1
1.36203 -1
1.67222 -1
1.63571 -1
2.50797 -1
1.80691 -1
1.57521 -1
2.65693 -1
2.19531 -1
1.51515 -1
2.88051 -1
1.56607 -1
1.59389 -1
1.00004 -1
1.81335 -1
2.26678 -1
1.11283 -1
1.77491 -1
1.49469 -1
1.79129 -1
2.09391 -1
2.52877 -1
1.09423 -1
1.59948 -1
1.741 -1
2.35808 -1
2.40238 -1
2.53761 -1
2.05087 -1
2.15177 -1
1.58355 -1
1.88389 -1
1.79323 -1
1.8158 -1
1.13883 -1
1.52245 -1
1.50342 -1
1.88819 -1
1.13495 -1
1.64658 -1
2.12122 -1
2.44707 -1
1.84365 -1
1.68184 -1
1.53382 -1
1.30071 -1
1.19151 -1
1.56271 -1
0.590795 -1
1.89747 -1
1.1259 -1
1.27575 -1
1.52351 -1
1.65745 -1
1.98706 -1
1.28678 -1
1.67455 -1
1.22297 -1
1.78358 -1
1.09857 -1
2.17788 -1
1.34607 -1
1.53633 -1
1.76447 -1
1.61153 -1
1.32957 -1
1.01399 -1
0.717418 -1
2.07184 -1
1.76168 -1
2.11978 -1
1.27381 -1
2.36697 -1
1.20636 -1
1.07123 -1
1.513 -1
0.999986 -1
1.00004 -1
0.618203 -1
1.32696 -1
0.789186 -1
3.15215 -1
1.72234 -1
2.61132 -1
2.101 -1
1.83574 -1
1.00003 -1
2.50149 -1
1.00006 -1
2.60033 -1
1.64428 -1
2.69131 -1
0.999955 -1
0.926975 -1
0.786078 -1
2.50651 -1
1.21222 -1
1.2801 -1
1.19121 -1
1.18975 -1
1.52146 -1
2.66789 -1
2.20647 -1
2.01867 -1
1.00007 -1
1.15313 -1
2.48607 -1
2.04347 -1
1.34925 -1
1.74896 -1
2.40451 -1
2.041 -1
2.38498 -1
2.46658 -1
2.75091 -1
2.45784 -1
1.69382 -1
2.39385 -1
1.34802 -1
1.49639 -1
1.51226 -1
1.53862 -1
2.08079 -1
1.24493 -1
1.82451 -1
1.61474 -1
1.59385 -1
1.53686 -1
1.5806 -1
1.78301 -1
3.07732 -1
2.46971 -1
1.19671 -1
2.34467 -1
2.32222 -1
1.83502 -1
2.83752 -1
2.42765 -1
2.40926 -1
1.01962 -1
2.52031 -1
1.70098 -1
1.5133 -1
3.02271 -1
1.50035 -1
3.11824 -1
2.13785 -1
2.65791 -1
1.7936 -1
1.94382 -1
2.21401 -1
2.38761 -1
2.9129 -1
1.68949 -1
1.7175 -1
1.95667 -1
1.59918 -1
2.09202 -1
1.60336 -1
1.18451 -1
1.69765 -1
1.74174 -1
1.47414 -1
1.32558 -1
1.84964 -1
1.60721 -1
1.30722 -1
1.01352 -1
2.71158 -1
0.913299 -1
2.71658 -1
1.29839 -1
2.29429 -1
1.77267 -1
1.07077 -1
2.18001 -1
1.54052 -1
1.43677 -1
1.62895 -1
1.82848 -1
2.74744 -1
1.47011 -1
1.89065 -1
1.79334 -1
1.68918 -1
2.20819 -1
1.2535 -1
2.53279 -1
1.68113 -1
1.82231 -1
2.59001 -1
2.46593 -1
1.73321 -1
2.39556 -1
1.86904 -1
1.05758 -1
1.12241 -1
0.999964 -1
0.789121 -1
1.43677 -1
1.03166 -1
2.26815 -1
2.5079 -1
1.86244 -1
2.76923 -1
0.999965 -1
2.25015 -1
1.14654 -1
1.95575 -1
2.76997 -1
2.38299 -1
0.922107 -1
1.57844 -1
0.999983 -1
2.40894 -1
1.72364 -1
1.94398 -1
2.37031 -1
0.549171 -1
0.999933 -1
2.20492 -1
1.96585 -1
3.00451 -1
2.01782 -1
1.92863 -1
0.999949 -1
2.18709 -1
2.31545 -1
1.58452 -1
2.5516 -1
2.66188 -1
1.48498 -1
1.77675 -1
1.17625 -1
2.45459 -1
2.21455 -1
3.71492 -1
2.11369 -1
1.00893 -1
1.77462 -1
1.90134 -1
0.505214 -1
1.6102 -1
1.94129 -1
1.43507 -1
2.67635 -1
1.85577 -1
1.57794 -1
1.79493 -1
2.40762 -1
2.4698 -1
1.25961 -1
1.91951 -1
2.87551 -1
2.38486 -1
2.59784 -1
2.91642 -1
1.81341 -1
2.02242 -1
3.37461 -1
2.96372 -1
2.2549 -1
2.39525 -1
1.72788 -1
1.75477 -1
1.62997 -1
1.38607 -1
1.88486 -1
2.04575 -1
1.99644 -1
1.88884 -1
2.27673 -1
1.91478 -1
1.98445 -1
2.26655 -1
1.80089 -1
1.46633 -1
2.06586 -1
1.69878 -1
2.17998 -1
2.56648 -1
1.91392 -1
3.15762 -1
1.27083 -1
2.03103 -1
1.48544 -1
1.55478 -1
1.6009 -1
2.08346 -1
1.82616 -1
2.12044 -1
1.79035 -1
2.90077 -1
2.4267 -1
2.48045 -1
1.75672 -1
1.65459 -1
1.807 -1
1.20486 -1
1.87881 -1
1.96945 -1
2.20004 -1
1.68836 -1
2.00513 -1
2.85314 -1
1.88015 -1
2.6661 -1
2.51486 -1
3.14638 -1
3.11766 -1
1.58403 -1
2.60169 -1
2.23937 -1
2.51006 -1
3.11545 -1
1.58207 -1
1.26418 -1
2.70445 -1
1.64114 -1
2.43519 -1
1.78107 -1
1.93914 -1
2.97391 -1
1.81683 -1
1.48238 -1
1.95716 -1
2.04983 -1
2.4291 -1
2.58815 -1
2.23788 -1
2.13001 -1
2.10977 -1
2.02757 -1
1.52457 -1
2.05603 -1
1.674 -1
0.752796 -1
2.24256 -1
0.852874 -1
1.385 -1
0.753517 -1
1.69145 -1
1.90172 -1
1.3271 -1
1.47943 -1
1.13906 -1
1.3588 -1
2.18421 -1
1.69094 -1
1.77993 -1
2.10041 -1
1.33299 -1
1.11573 -1
2.31822 -1
2.56761 -1
1.12808 -1
2.00211 -1
0.7733 -1
1.84654 -1
1.70844 -1
1.66188 -1
1.16089 -1
1.70849 -1
1.64596 -1
1.92257 -1
1.39077 -1
1.43604 -1
1.08468 -1
1.76389 -1
2.08426 -1
1.77782 -1
2.22571 -1
2.00195 -1
1.77346 -1
1.91477 -1
2.33882 -1
2.18139 -1
2.0193 -1
2.31321 -1
1.80103 -1
2.36217 -1
2.74592 -1
2.60255 -1
1.78923 -1
1.62918 -1
1.80201 -1
1.83858 -1
1.68725 -1
2.70618 -1
2.03392 -1
2.5893 -1
2.29298 -1
2.12454 -1
2.5767 -1
2.67987 -1
1.0861 -1
3.23634 -1
2.35579 -1
1.48786 -1
2.95584 -1
2.56058 -1
1.43665 -1
1.46779 -1
2.66913 -1
2.04212 -1
1.9766 -1
2.53945 -1
1.8277 -1
2.1518 -1
2.22523 -1
1.4677 -1
1.12408 -1
2.07485 -1
1.6609 -1
1.61648 -1
2.53336 -1
2.29837 -1
2.05144 -1
1.77523 -1
2.56673 -1
1.55579 -1
1.85495 -1
1.92 -1
1.18301 -1
2.26507 -1
2.13494 -1
2.29765 -1
2.78124 -1
2.2393 -1
1.5668 -1
2.4923 -1
2.72721 -1
1.50143 -1
1.89658 -1
2.4273 -1
2.64303 -1
2.36913 -1
2.15724 -1
1.87049 -1
1.92784 -1
1.94135 -1
2.50034 -1
2.60618 -1
2.07539 -1
1.39842 -1
1.78233 -1
0.999951 -1
1.91434 -1
0.760746 -1
1.99327 -1
1.00307 -1
1.97535 -1
1.32708 -1
1.09544 -1
1.91406 -1
1.42817 -1
1.63507 -1
1.38783 -1
1.37967 -1
1.5156 -1
1.46643 -1
1.18954 -1
1.4239 -1
1.34004 -1
1.63916 -1
1.00699 -1
1.00004 -1
2.35132 -1
1.82617 -1
1.5698 -1
1.58717 -1
1.3577 -1
1.10683 -1
1.3922 -1
2.61999 -1
1.2908 -1
1.69396 -1
2.99788 -1
1.55791 -1
1.74485 -1
1.8551 -1
1.0196 -1
1.50571 -1
1.01353 -1
1.69264 -1
1.69764 -1
1.45328 -1
1.64667 -1
1.00005 -1
1.90947 -1
2.23182 -1
1.79734 -1
1.72504 -1
1.19079 -1
1.39509 -1
1.66562 -1
1.56459 -1
1.77895 -1
1.00354 -1
1.57712 -1
2.36084 -1
1.16445 -1
0.963461 -1
1.73731 -1
1.65109 -1
1.76747 -1
1.56544 -1
1.60961 -1
1.45909 -1
1.82443 -1
1.65759 -1
1.37697 -1
1.61524 -1
1.04834 -1
1.23877 -1
1.2213 -1
1.92673 -1
1.33198 -1
1.53272 -1
2.39056 -1
1.27559 -1
1.87407 -1
1.46036 -1
1.3594 -1
2.25706 -1
1.60223 -1
1.65886 -1
1.81578 -1
1.66643 -1
2.25409 -1
2.17198 -1
2.13139 -1
2.546 -1
1.84379 -1
1.68848 -1
2.76001 -1
1.75554 -1
1.77204 -1
1.56595 -1
1.92726 -1
2.77539 -1
1.82422 -1
2.47504 -1
0.430811 -1
2.08663 -1
2.22678 -1
2.22801 -1
2.00265 -1
3.27764 -1
1.54642 -1
2.38915 -1
3.06668 -1
1.60708 -1
1.79157 -1
1.07988 -1
2.19163 -1
2.42925 -1
2.03867 -1
1.08785 -1
1.60547 -1
1.22401 -1
1.9461 -1
1.42933 -1
2.84473 -1
2.84741 -1
2.82723 -1
2.33084 -1
1.13869 -1
2.81423 -1
2.58507 -1
1.29508 -1
1.689 -1
2.59347 -1
1.38427 -1
0.874022 -1
1.2388 -1
1.39847 -1
1.97175 -1
2.34742 -1
1.0534 -1
1.3491 -1
1.14544 -1
1.81426 -1
0.766163 -1
1.13705 -1
1.23784 -1
1.46438 -1
2.22502 -1
2.14249 -1
1.75326 -1
2.57522 -1
0.441702 -1
1.08432 -1
1.72091 -1
1.51567 -1
2.99213 -1
2.50793 -1
2.91819 -1
2.35457 -1
2.04326 -1
3.03521 -1
2.69531 -1
3.54786 -1
1.55418 -1
1.52264 -1
1.49508 -1
1.00001 -1
1.86344 -1
2.15001 -1
1.77417 -1
1.75998 -1
2.22659 -1
1.89243 -1
1.38471 -1
2.55816 -1
1.39425 -1
1.59965 -1
1.36819 -1
0.92285 -1
1.41016 -1
1.6615 -1
2.40594 -1
1.8155 -1
1.87228 -1
1.8651 -1
1.86722 -1
1.74444 -1
1.99146 -1
1.68213 -1
1.27686 -1
1.24377 -1
0.933338 -1
1.94974 -1
2.27095 -1
1.00001 -1
0.566052 -1
2.06898 -1
3.26863 -1
1.81184 -1
2.19351 -1
1.08589 -1
3.61542 -1
2.21107 -1
1.80843 -1
2.09768 -1
1.78365 -1
1.39477 -1
1.73581 -1
1.71708 -1
2.01917 -1
2.24483 -1
1.90059 -1
1.77043 -1
2.17254 -1
0.827537 -1
0.605929 -1
1.60657 -1
0.91528 -1
1.14595 -1
1.45854 -1
1.89082 -1
1.29572 -1
0.86149 -1
1.27612 -1
1 -1
1.2234 -1
1.93362 -1
3.06173 -1
0.999976 -1
1.19142 -1
2.09039 -1
1.48821 -1
1.15935 -1
2.24519 -1
1.95025 -1
1.1814 -1
2.03946 -1
2.65067 -1
2.23771 -1
2.78049 -1
2.49234 -1
2.22224 -1
2.33266 -1
2.54835 -1
2.60468 -1
1.32544 -1
1.20688 -1
1.5566 -1
1.89649 -1
2.33405 -1
1.84645 -1
2.08049 -1
2.41107 -1
1.38888 -1
1.99262 -1
1.58121 -1
1.98019 -1
1.04265 -1
2.55443 -1
3.00962 -1
1.71889 -1
1.06666 -1
1.20816 -1
1.03998 -1
1.70581 -1
1.23286 -1
1.42286 -1
2.02359 -1
2.1422 -1
1.77711 -1
1.15461 -1
2.34531 -1
3.73721 -1
2.58221 -1
1.25591 -1
2.05557 -1
2.51771 -1
2.52221 -1
1.67641 -1
2.04703 -1
1.78858 -1
1.99642 -1
1.75029 -1
2.7576 -1
1.4973 -1
1.13709 -1
1.19084 -1
1.25953 -1
2.63551 -1
2.07215 -1
1.81924 -1
1.53656 -1
1.15922 -1
1.0311 -1
2.91884 -1
0.727074 -1
1.19133 -1
1.54748 -1
1.00003 -1
1.40136 -1
2.30701 -1
0.95668 -1
1.64969 -1
2.16877 -1
1.53346 -1
1.48088 -1
1.10534 -1
1.36855 -1
1.33644 -1
1.19399 -1
1.52933 -1
1.65395 -1
1.75121 -1
1.68519 -1
1.5682 -1
3.2164 -1
2.20725 -1
2.14919 -1
2.22252 -1
2.5499 -1
2.43331 -1
3.4516 -1
2.86087 -1
2.98394 -1
1.25207 -1
1.46149 -1
2.10844 -1
1.53709 -1
2.63569 -1
1.86499 -1
2.9242 -1
2.50785 -1
2.44296 -1
1.55799 -1
2.62375 -1
1.74328 -1
2.2275 -1
0.711935 -1
1.58188 -1
2.33024 -1
2.68633 -1
1.32643 -1
1.385 -1
2.50984 -1
2.20029 -1
2.16797 -1
2.32928 -1
1.75549 -1
1.7769 -1
1.6512 -1
2.74065 -1
1.6346 -1
2.49117 -1
1.30522 -1
3.08256 -1
0.862125 -1
2.02634 -1
1.90713 -1
2.31055 -1
3.0754 -1
2.79132 -1
2.64549 -1
1.00004 -1
1.00445 -1
0.196964 -1
2.27105 -1
2.46561 -1
1.63924 -1
1.7081 -1
2.50828 -1
1.60728 -1
1.11175 -1
0.999976 -1
2.13307 -1
2.93461 -1
2.34701 -1
1.10524 -1
2.47011 -1
1.75881 -1
1.72116 -1
1.26981 -1
1.00005 -1
1.49966 -1
1.11254 -1
1.24399 -1
1.3605 -1
1.62553 -1
1.70455 -1
2.21253 -1
1.72665 -1
1.35588 -1
1.46364 -1
2.23485 -1
1.71527 -1
2.64192 -1
1.70772 -1
2.48997 -1
1.00008 -1
2.341 -1
1.80036 -1
1.29246 -1
2.22059 -1
0.999969 -1
0.844781 -1
1.69802 -1
2.90769 -1
1.17012 -1
1.78234 -1
2.18162 -1
1.34009 -1
2.70648 -1
1.94489 -1
1.65953 -1
1.00864 -1
1.48442 -1
2.02901 -1
2.17069 -1
2.00877 -1
0.999999 -1
1.64461 -1
1.36339 -1
1.35268 -1
2.4699 -1
1.21646 -1
1.47225 -1
1.57785 -1
1.25326 -1
1.02394 -1
0.420786 -1
1.92189 -1
2.18298 -1
0.999919 -1
1.53443 -1
1.38195 -1
1.58929 -1
1.03373 -1
1.4047 -1
0.999956 -1
1.85609 -1
1.74054 -1
2.37604 -1
1.67067 -1
1.97537 -1
2.23917 -1
1.12206 -1
1.28248 -1
1.91528 -1
1.58918 -1
1.999 -1
1.53318 -1
2.01995 -1
1.48561 -1
1.61177 -1
1.02696 -1
1.00004 -1
1.88326 -1
2.10814 -1
2.95891 -1
1.66896 -1
1.43102 -1
1.39847 -1
1.55524 -1
2.35005 -1
1.83572 -1
1.35361 -1
2.23059 -1
1.38447 -1
2.08785 -1
1.40743 -1
1.59592 -1
1.78794 -1
1.70505 -1
1.81757 -1
1.44934 -1
1.72147 -1
1.48814 -1
1.61586 -1
1.75451 -1
1.70008 -1
0.999915 -1
1.80353 -1
1.93702 -1
1.16353 -1
1.52682 -1
1.45778 -1
1.36088 -1
1.91833 -1
1.34911 -1
1.89431 -1
1.71972 -1
1.92026 -1
1.87046 -1
2.03 -1
2.18218 -1
3.32283 -1
1.95928 -1
1.16492 -1
1.12152 -1
1.37921 -1
2.15193 -1
1.70542 -1
1.60138 -1
0.762012 -1
1.16031 -1
2.15259 -1
1.99907 -1
1.27168 -1
1.79534 -1
1.40633 -1
1.67686 -1
1.60668 -1
1.77414 -1
1.79426 -1
1.46773 -1
1.38418 -1
1.94058 -1
2.74892 -1
1.78628 -1
1.14685 -1
1.09675 -1
2.65734 -1
2.10543 -1
1.18165 -1
1.99901 -1
1.94696 -1
1.3208 -1
0.979297 -1
1.6007 -1
1.31099 -1
1.62835 -1
1.19851 -1
0.999982 -1
2.58635 -1
2.35269 -1
1.8938 -1
0.335745 -1
1.73031 -1
1.32706 -1
0.83365 -1
2.70824 -1
1.92858 -1
3.27247 -1
1.37563 -1
2.39291 -1
1.56667 -1
2.12752 -1
2.18176 -1
1.40166 -1
1.70959 -1
1.86403 -1
1.84281 -1
2.17636 -1
1.57491 -1
2.02776 -1
1.63711 -1
1.75537 -1
2.04567 -1
0.852077 -1
1.58708 -1
1.40699 -1
1.34641 -1
1.60572 -1
1.50681 -1
1.89119 -1
2.0596 -1
2.32646 -1
2.13244 -1
1.5782 -1
1.31078 -1
1.35546 -1
2.28619 -1
1.87279 -1
2.47818 -1
1.7455 -1
1.54324 -1
1.80488 -1
2.5493 -1
1.21788 -1
1.66114 -1
2.21513 -1
1.55398 -1
2.13107 -1
0.954091 -1
1.47326 -1
2.0242 -1
2.09328 -1
1.43634 -1
1.73531 -1
1.52164 -1
2.65338 -1
2.39918 -1
2.37387 -1
1.4845 -1
1.18315 -1
1.73754 -1
1.99506 -1
1.28801 -1
1.8362 -1
1.46785 -1
1.59676 -1
0.999945 -1
1.58904 -1
2.7282 -1
1.59585 -1
1.02636 -1
1.15817 -1
1.78448 -1
0.698753 -1
1.90601 -1
1.69141 -1
2.06506 -1
1.62861 -1
1.87458 -1
1.47758 -1
1.27146 -1
1.98912 -1
1.00002 -1
1.02125 -1
1.32701 -1
1.7346 -1
1.17971 -1
1.43821 -1
1.00007 -1
0.930918 -1
1.67925 -1
1.08294 -1
2.22297 -1
1.39402 -1
0.960217 -1
1.46104 -1
1.37465 -1
1.46931 -1
2.3318 -1
2.36882 -1
1.11848 -1
1.16042 -1
0.943373 -1
1.36283 -1
1.07436 -1
0.999997 -1
1.83636 -1
2.45469 -1
1.96315 -1
1.79753 -1
1.83059 -1
1.02149 -1
1.60874 -1
0.800712 -1
0.71597 -1
1.81175 -1
1.10187 -1
1.7704 -1
2.60197 -1
2.20941 -1
1.59586 -1
2.12735 -1
1.81019 -1
1.05726 -1
1.7761 -1
1.6561 -1
1.41614 -1
1.80027 -1
1.71204 -1
0.598642 -1
0.764074 -1
1.1626 -1
1.26874 -1
1.93925 -1
2.16405 -1
1.30755 -1
1.06447 -1
1.59193 -1
1.71874 -1
2.59125 -1
2.13031 -1
2.31403 -1
1.46276 -1
2.03792 -1
1.78009 -1
1.25971 -1
1.71924 -1
2.02133 -1
1.41632 -1
1.95917 -1
1.13494 -1
1.9992 -1
1.92787 -1
1.94357 -1
1.47387 -1
0.918391 -1
0.46321 -1
1.46425 -1
1.33848 -1
1.84924 -1
1.94011 -1
1.69191 -1
1.65176 -1
1.753 -1
1.65568 -1
1.00002 -1
1.71506 -1
1.81458 -1
1.90776 -1
1.51221 -1
1.46331 -1
1.86801 -1
1.39697 -1
1.58709 -1
1.05375 -1
1.83075 -1
1.0237 -1
1.29281 -1
1.90553 -1
1.38335 -1
1.77802 -1
2.13404 -1
1.32347 -1
1.69862 -1
1.66373 -1
1.31961 -1
0.513206 -1
2.39863 -1
2.37326 -1
1.52139 -1
1.07862 -1
1.686 -1
1.56569 -1
1.28285 -1
1.12424 -1
1.9417 -1
1.85544 -1
2.14779 -1
1.90168 -1
1.47082 -1
2.27178 -1
1.6708 -1
1.61007 -1
1.40941 -1
1.65488 -1
2.43392 -1
1.39815 -1
1.58616 -1
2.06173 -1
1.00005 -1
2.25727 -1
1.31873 -1
1.39922 -1
2.2613 -1
1.37135 -1
1.44419 -1
1.10952 -1
1.26402 -1
2.19872 -1
1.65438 -1
1.09441 -1
1.95405 -1
1.83334 -1
1.00006 -1
1.51676 -1
1.06075 -1
1.58587 -1
1.40874 -1
1.2879 -1
1.45733 -1
1.58512 -1
1.48027 -1
1.83051 -1
1.554 -1
1.10815 -1
1.42423 -1
1.9458 -1
2.2222 -1
1.29022 -1
1.3807 -1
1.5808 -1
1.03251 -1
0.796423 -1
1.40327 -1
1.98824 -1
1.63162 -1
1.29013 -1
1.80142 -1
1.42612 -1
2.08319 -1
1.16111 -1
2.05552 -1
1.33544 -1
1.26491 -1
1.84346 -1
1.60782 -1
1.58668 -1
1.96637 -1
1.74765 -1
1.51097 -1
1.00005 -1
1.43759 -1
1.64696 -1
1.54558 -1
2.07414 -1
1.99589 -1
2.03448 -1
1.64046 -1
1.7455 -1
2.27449 -1
1.29402 -1
1.46332 -1
1.91656 -1
0.999956 -1
1.09922 -1
1.94685 -1
0.739243 -1
1.00004 -1
1.15557 -1
1.57118 -1
1.29229 -1
1.79641 -1
1.52752 -1
1.74387 -1
2.01142 -1
1.47469 -1
1.44604 -1
1.72265 -1
2.03317 -1
1.70812 -1
2.27735 -1
1.11018 -1
1.12714 -1
1.69527 -1
1.00006 -1
1.84815 -1
1.64708 -1
1.61867 -1
2.10675 -1
1.59746 -1
1.56059 -1
1.2732 -1
1.73286 -1
1.49797 -1
1.36172 -1
1.82069 -1
1.4078 -1
1.47731 -1
1.40887 -1
1.51612 -1
1.17164 -1
1.37543 -1
2.05079 -1
1.33458 -1
1.77797 -1
1.91965 -1
1.25063 -1
1.81847 -1
1.71113 -1
1.49587 -1
1.71199 -1
1.47215 -1
1.05388 -1
1.40163 -1
1.83963 -1
1.22895 -1
1.26683 -1
2.18774 -1
1.67494 -1
1.76225 -1
1.79625 -1
1.28736 -1
1.22098 -1
1.73731 -1
0.999972 -1
1.51256 -1
1.45921 -1
1.5181 -1
1.44842 -1
1.6552 -1
1.63011 -1
1.38078 -1
1.30711 -1
1.62581 -1
1.6011 -1
1.29796 -1
1.6343 -1
1.84762 -1
1.33665 -1
1.40869 -1
2.08732 -1
2.76713 -1
1.64438 -1
1.99563 -1
1.78392 -1
2.98531 -1
2.52278 -1
2.13307 -1
1.0159 -1
1.63919 -1
1.3179 -1
1.37861 -1
1.29191 -1
1.87872 -1
1.63707 -1
1.4176 -1
1.79129 -1
1.83975 -1
1.85743 -1
2.1802 -1
1.52319 -1
1.50415 -1
1.05505 -1
1.60534 -1
1.54531 -1
1.9242 -1
1.9353 -1
0.901793 -1
1.58411 -1
1.37418 -1
1.38157 -1
1.94177 -1
1.64639 -1
1.75378 -1
1.5652 -1
2.4068 -1
1.16612 -1
1.78842 -1
1.34237 -1
1.38615 -1
1.33293 -1
1.84869 -1
1.81667 -1
1.24716 -1
1.94652 -1
1.72294 -1
2.20814 -1
1.59192 -1
1.55679 -1
1.39376 -1
1.86038 -1
1.42752 -1
1.70715 -1
1.18411 -1
1.78908 -1
1.78411 -1
1.74704 -1
0.822078 -1
1.18204 -1
1.26837 -1
1.52477 -1
0.634659 -1
1.45262 -1
1.49424 -1
1.67181 -1
0.99999 -1
1.59869 -1
0.999955 -1
2.04817 -1
2.06462 -1
1.96639 -1
1.11328 -1
2.05713 -1
2.07233 -1
1.48951 -1
1.5628 -1
1.51145 -1
1.48816 -1
0.999934 -1
1.50902 -1
1.48545 -1
1.03711 -1
1.32928 -1
1.14047 -1
0.983564 -1
1.81201 -1
1.41709 -1
1.68085 -1
1.00007 -1
2.1785 -1
1.12498 -1
1.11889 -1
1.20478 -1
1.67578 -1
1.89782 -1
1.37106 -1
1.75068 -1
1.55255 -1
2.05643 -1
1.00001 -1
1.62464 -1
1.76948 -1
1.56307 -1
1.50662 -1
2.25496 -1
1.86858 -1
1.14493 -1
2.26121 -1
2.22548 -1
2.13803 -1
1.58096 -1
1.79578 -1
1.81158 -1
1.3293 -1
2.21354 -1
1.80152 -1
1.92073 -1
1.05413 -1
2.33578 -1
1.2048 -1
0.537004 -1
1.25599 -1
1.52049 -1
1.12579 -1
1.67491 -1
1.34542 -1
1.41993 -1
1.21001 -1
1.8407 -1
1.27699 -1
1.1829 -1
1.10827 -1
1.69688 -1
1.89405 -1
1.66044 -1
1.53233 -1
1.51346 -1
1.2903 -1
1.27145 -1
1.54678 -1
1.7232 -1
1.47601 -1
1.58332 -1
2.17735 -1
2.10707 -1
0.999977 -1
1.4406 -1
1.38831 -1
1.34967 -1
1.6058 -1
1.63442 -1
1.60514 -1
1.66645 -1
1.1862 -1
1.76335 -1
1.7491 -1
0.221717 -1
1.71595 -1
1.79485 -1
1.50817 -1
1.29293 -1
1.32863 -1
1.63 -1
1.68892 -1
1.48787 -1
1.73957 -1
1.19572 -1
1.28351 -1
1.61727 -1
1.4388 -1
1.5307 -1
1.64458 -1
1.20348 -1
2.44668 -1
1.65698 -1
1.55463 -1
1.30722 -1
1.21681 -1
1.16197 -1
1.70352 -1
1.81791 -1
1.19895 -1
1.25532 -1
2.04061 -1
1.32188 -1
1.40535 -1
1.02437 -1
1.69684 -1
1.56756 -1
1.50782 -1
0.943586 -1
1.91259 -1
1.92107 -1
1.37018 -1
1.46836 -1
1.62245 -1
1.69755 -1
1.28726 -1
1.63044 -1
1.48965 -1
1.79884 -1
1.90486 -1
1.99856 -1
2.05964 -1
1.50891 -1
1.81982 -1
2.46687 -1
2.58786 -1
2.55806 -1
2.7786 -1
1.97881 -1
2.42174 -1
0.965971 -1
1.70552 -1
1.61197 -1
1.40567 -1
0.999972 -1
1.34787 -1
1.37987 -1
2.29637 -1
1.25991 -1
1.92955 -1
2.04719 -1
2.76245 -1
2.2259 -1
1.39716 -1
1.61996 -1
1.86833 -1
2.02404 -1
3.1467 -1
2.48848 -1
2.41682 -1
2.46802 -1
2.30326 -1
1.68769 -1
2.96779 -1
2.35047 -1
1.62967 -1
2.57431 -1
2.98911 -1
3.56548 -1
2.02203 -1
1.28215 -1
1.86562 -1
0.786041 -1
1.29896 -1
3.2476 -1
1.932 -1
1.11829 -1
2.13925 -1
1.09338 -1
2.72712 -1
1.53111 -1
1.68267 -1
1.52135 -1
1.93256 -1
2.42526 -1
2.20767 -1
1 -1
1.60143 -1
1.26796 -1
0.999957 -1
1.55684 -1
1.00004 -1
1.31787 -1
2.01787 -1
1.56619 -1
1.23652 -1
2.068 -1
2.02448 -1
1.69705 -1
1.73272 -1
2.04782 -1
1.17698 -1
2.09965 -1
2.10315 -1
1.47512 -1
1.46451 -1
1.28896 -1
1.35935 -1
2.15194 -1
2.63349 -1
1.7791 -1
1.64093 -1
1.22621 -1
0.698934 -1
1.89671 -1
2.46259 -1
2.28571 -1
1.03769 -1
1.31564 -1
2.60706 -1
1.62811 -1
1.63565 -1
1.96962 -1
1.41625 -1
1.27503 -1
1.43286 -1
1.05409 -1
1.74275 -1
1.66495 -1
1.14275 -1
1.24641 -1
0.999981 -1
1.01646 -1
1.15331 -1
2.08791 -1
1.15317 -1
0.724936 -1
2.9679 -1
0.612192 -1
1.24682 -1
2.65638 -1
1.97179 -1
1.42665 -1
2.54817 -1
1.67924 -1
1.86868 -1
2.44926 -1
2.68579 -1
1.49453 -1
1.17421 -1
2.10739 -1
2.6181 -1
0.238041 -1
1.10278 -1
1.62535 -1
2.04253 -1
1.34014 -1
1.226 -1
1.37273 -1
2.04915 -1
1.67553 -1
2.05232 -1
2.4717 -1
2.48085 -1
2.36346 -1
1.80469 -1
2.23395 -1
1.47871 -1
1.12647 -1
1.43065 -1
2.95658 -1
1.33678 -1
1.58336 -1
1.36459 -1
1.53331 -1
1.85916 -1
1.36679 -1
1.32695 -1
2.09845 -1
1.92946 -1
1.55342 -1
1.83129 -1
0.486132 -1
1.40463 -1
3.03727 -1
1.9781 -1
2.2383 -1
2.04068 -1
1.17431 -1
2.31758 -1
0.912058 -1
1.79819 -1
1.36039 -1
1.6455 -1
1.54512 -1
1.18172 -1
2.08679 -1
1.70052 -1
1.56102 -1
2.08875 -1
2.07752 -1
1.28214 -1
2.24419 -1
2.06599 -1
3.20264 -1
1.46596 -1
1.4329 -1
1.90378 -1
1.40092 -1
1.16482 -1
1.67068 -1
1.94241 -1
1.52835 -1
1.64958 -1
2.32712 -1
1.34697 -1
1.27022 -1
2.24417 -1
2.11391 -1
1.73796 -1
1.39477 -1
1.99088 -1
1.88463 -1
1.67781 -1
1.0561 -1
1.58016 -1
1.70092 -1
0.649866 -1
2.25988 -1
2.01245 -1
1.31698 -1
1.78866 -1
2.37748 -1
1.94182 -1
1.86015 -1
2.22885 -1
2.16846 -1
1.49297 -1
0.920649 -1
1.00003 -1
1.60697 -1
1.48164 -1
1.69533 -1
2.64923 -1
1.24704 -1
1.21047 -1
1.32708 -1
1.77994 -1
0.757268 -1
0.881995 -1
1.67228 -1
1.73641 -1
1.43731 -1
1.58866 -1
1.05628 -1
1.3577 -1
1.53756 -1
1.11637 -1
0.995303 -1
1.45139 -1
1.33833 -1
3.8063 -1
1.20602 -1
1.84152 -1
1.70492 -1
1.53978 -1
1.20902 -1
1.07965 -1
1.51519 -1
1.17379 -1
1.46191 -1
1.38293 -1
1.71582 -1
1.68871 -1
1.15499 -1
1.36945 -1
1.70062 -1
1.58442 -1
1.48604 -1
1.38402 -1
3.06563 -1
1.23597 -1
1.28889 -1
1.73298 -1
2.26411 -1
2.90996 -1
1.9558 -1
1.3366 -1
1.38669 -1
1.26286 -1
1.71107 -1
0.999931 -1
1.69092 -1
1.69725 -1
1.57748 -1
1.48469 -1
1.33274 -1
1.28469 -1
1.86322 -1
1.57596 -1
1.24782 -1
1.48569 -1
1.10782 -1
1.34215 -1
2.01325 -1
1.27948 -1
1.00009 -1
1.38867 -1
1.23496 -1
1.59957 -1
1.72668 -1
1.37902 -1
1.47905 -1
1.50479 -1
1.46945 -1
1.81974 -1
1.64397 -1
1.6698 -1
2.37588 -1
2.22463 -1
1.53363 -1
1.87036 -1
1.76343 -1
1.79176 -1
1.45268 -1
1.37273 -1
1.52072 -1
2.3428 -1
2.24906 -1
1.32819 -1
2.99194 -1
1.32502 -1
1.57726 -1
1.44046 -1
1.76122 -1
2.3367 -1
1.59722 -1
1.64326 -1
1.61456 -1
1.3108 -1
1.98919 -1
1.13538 -1
2.22676 -1
1.46113 -1
2.34933 -1
1.7313 -1
1.97542 -1
